1438 3204
1 122.06555890 37.52670700
2 122.06732990 37.52665520
3 122.06951770 37.52584960
4 122.07382090 37.52264860
5 122.09086230 37.51530310
6 122.07584890 37.52585340
7 122.07439120 37.51826340
8 122.04956110 37.51877340
9 122.07668880 37.52054010
10 122.08981670 37.51579670
11 122.11156030 37.51741000
12 122.08583180 37.51725380
13 122.11177440 37.51313630
14 122.10958060 37.51310640
15 122.10778540 37.51307260
16 122.10223280 37.51311690
17 122.06243840 37.52069900
18 122.06382000 37.51545120
19 122.09463700 37.51952960
20 122.08548960 37.52302190
21 122.06207040 37.52229870
22 122.09494980 37.51933250
23 122.09717920 37.51746520
24 122.09578120 37.51855320
25 122.06276980 37.51929370
26 122.08628680 37.52274670
27 122.09161010 37.52076100
28 122.08853320 37.52189780
29 122.06047530 37.52924650
30 122.07929690 37.52406790
31 122.09412530 37.51980650
32 122.07946900 37.52453000
33 122.07942340 37.52434370
34 122.05387690 37.51798990
35 122.05600400 37.51831450
36 122.04962540 37.51733210
37 122.08326790 37.53236170
38 122.08258000 37.53147550
39 122.08111080 37.53038270
40 122.08339330 37.53320100
41 122.08306050 37.53647530
42 122.08335310 37.53387950
43 122.08315190 37.53603620
44 122.08312300 37.53208120
45 122.08291780 37.53175190
46 122.08307950 37.53550020
47 122.08099810 37.53014660
48 122.08308490 37.53491530
49 122.08337060 37.53272970
50 122.08321360 37.53444950
51 122.08233650 37.53128450
52 122.08151840 37.53079110
53 122.07711270 37.53702460
54 122.08884890 37.52860010
55 122.09063910 37.53667250
56 122.08237250 37.53816980
57 122.06990460 37.53401070
58 122.08732720 37.52514630
59 122.09183690 37.53215240
60 122.09184230 37.53191410
61 122.07219220 37.53531710
62 122.06820660 37.53337000
63 122.08359560 37.53871840
64 122.08996070 37.53914000
65 122.08058480 37.53813500
66 122.07082310 37.53444500
67 122.08604330 37.53791720
68 122.08906890 37.52880440
69 122.08135470 37.53786420
70 122.08087410 37.53794790
71 122.08714300 37.53820990
72 122.08016640 37.53872950
73 122.05355180 37.51938340
74 122.06226970 37.53276440
75 122.07592240 37.53580590
76 122.08252130 37.53854510
77 122.08782970 37.52633690
78 122.08223360 37.53800560
79 122.07109150 37.53461800
80 122.07942070 37.53910330
81 122.08840370 37.53858420
82 122.08246640 37.53835040
83 122.09138280 37.53023060
84 122.05569630 37.51970490
85 122.07788320 37.53829980
86 122.09096250 37.52989340
87 122.05858300 37.52012620
88 122.07550950 37.53560710
89 122.09089630 37.53580230
90 122.06391500 37.53283300
91 122.09125220 37.53444100
92 122.08841440 37.52771530
93 122.07853770 37.53902670
94 122.07890060 37.53906890
95 122.09161160 37.53318180
96 122.06535840 37.53279790
97 122.08463010 37.53791450
98 122.08308100 37.53897890
99 122.04133600 37.51698510
100 122.07501950 37.53548320
101 122.06483670 37.52272560
102 122.06355680 37.53281900
103 122.07753720 37.53758670
104 122.07373250 37.53541550
105 122.04479970 37.51806880
106 122.08326850 37.53894480
107 122.08559700 37.53781320
108 122.08281770 37.53893560
109 122.05163230 37.51906590
110 122.07619430 37.53598090
111 122.08525350 37.53780380
112 122.09148090 37.53039940
113 122.08497820 37.53784000
114 122.08433210 37.53806950
115 122.09027730 37.53789410
116 122.08269070 37.53884110
117 122.06631780 37.53278000
118 122.06927840 37.53376190
119 122.07650920 37.53629010
120 122.07224870 37.53534250
121 122.08258070 37.53872360
122 122.07827950 37.53892170
123 122.07989040 37.53898480
124 122.08169790 37.53787650
125 122.06655520 37.53281130
126 122.10243230 37.52008450
127 122.10249470 37.52004970
128 122.10619640 37.51768070
129 122.10465370 37.51848440
130 122.11046880 37.51756920
131 122.10696100 37.51755250
132 122.10540280 37.51797160
133 122.10579660 37.51778450
134 122.10503470 37.51819410
135 122.07022490 37.52185280
136 122.06547340 37.51959910
137 122.06670820 37.51943050
138 122.06777290 37.51903440
139 122.07126260 37.52195330
140 122.06473460 37.51957510
141 122.07426550 37.52229950
142 122.07009560 37.52134010
143 122.06350360 37.51548960
144 122.06335470 37.51629980
145 122.06350800 37.51628600
146 122.06423750 37.52955390
147 122.06405710 37.53115250
148 122.06619250 37.53211450
149 122.06625830 37.53231300
150 122.06463940 37.52909380
151 122.06554370 37.53085040
152 122.06449990 37.52895340
153 122.06585410 37.53146420
154 122.06412400 37.53054550
155 122.06481050 37.52827100
156 122.08929640 37.53770270
157 122.08243580 37.52980400
158 122.08207980 37.52821340
159 122.08537820 37.52710680
160 122.08425700 37.52677710
161 122.08402900 37.52849370
162 122.08531110 37.52696860
163 122.08380640 37.52778110
164 122.08506170 37.53684650
165 122.08472370 37.53751650
166 122.08214390 37.52745230
167 122.08461910 37.52746630
168 122.08417920 37.53794820
169 122.08447160 37.53772060
170 122.08448770 37.52726210
171 122.08519580 37.52656870
172 122.08587170 37.52850010
173 122.08515290 37.53682310
174 122.08571080 37.52798530
175 122.08567320 37.52786200
176 122.08337990 37.53865430
177 122.08526820 37.53683370
178 122.08060170 37.52844390
179 122.08178180 37.52606860
180 122.08733890 37.53726120
181 122.08401390 37.52571500
182 122.08391670 37.52574590
183 122.08367230 37.52748120
184 122.08596020 37.52875960
185 122.08483910 37.52558800
186 122.07996850 37.52638630
187 122.08548550 37.52744510
188 122.08464330 37.53756540
189 122.08325120 37.53880530
190 122.08552570 37.52746210
191 122.08976460 37.52461110
192 122.08513410 37.52638150
193 122.08267600 37.52591620
194 122.08109190 37.52619000
195 122.08351820 37.52686900
196 122.08206340 37.52717000
197 122.08804700 37.53743140
198 122.08329860 37.52581640
199 122.08128560 37.52687290
200 122.08471840 37.52771520
201 122.08513680 37.52644740
202 122.08197860 37.52675240
203 122.08416580 37.52668140
204 122.08889030 37.52261030
205 122.08616140 37.53701880
206 122.08486860 37.53731650
207 122.08500800 37.53690600
208 122.09336970 37.52010150
209 122.08743610 37.52000530
210 122.09227860 37.51820470
211 122.08189050 37.51865900
212 122.06840780 37.52640550
213 122.06668820 37.52672350
214 122.07686370 37.53128200
215 122.07704140 37.53191100
216 122.07665960 37.53190330
217 122.07317210 37.52719420
218 122.07705660 37.53127830
219 122.07667450 37.53136330
220 122.07599080 37.52607190
221 122.08194090 37.53789330
222 122.08215450 37.53753460
223 122.07026910 37.52694850
224 122.07585590 37.53532810
225 122.07795540 37.52663980
226 122.06993340 37.52895830
227 122.06991890 37.52554450
228 122.07659200 37.52042560
229 122.07641710 37.52052370
230 122.08576190 37.51714170
231 122.06667480 37.52660930
232 122.07031420 37.52712070
233 122.07674230 37.52036350
234 122.07706530 37.53041210
235 122.07769100 37.52657030
236 122.06400280 37.52634820
237 122.07626830 37.52901200
238 122.07715850 37.53460560
239 122.06736170 37.52652650
240 122.06890850 37.52600550
241 122.07878500 37.52799970
242 122.07425030 37.52995030
243 122.06610550 37.52674850
244 122.06397120 37.52647400
245 122.07722840 37.53457740
246 122.06294110 37.52614690
247 122.07415550 37.52221260
248 122.08182700 37.51853340
249 122.07635890 37.52665260
250 122.06833590 37.52627610
251 122.09131930 37.51504530
252 122.06558920 37.52658520
253 122.07474060 37.52657640
254 122.06903830 37.52612130
255 122.06934420 37.52578770
256 122.07636160 37.53496740
257 122.06980650 37.52979060
258 122.07633540 37.52911630
259 122.07536610 37.52755850
260 122.07781610 37.52656110
261 122.06610900 37.52661760
262 122.07025000 37.52785660
263 122.06903180 37.53111170
264 122.05209410 37.51772390
265 122.06193780 37.52227780
266 122.06162440 37.52365640
267 122.06376080 37.51943740
268 122.06263800 37.51927050
269 122.06138690 37.52466100
270 122.06229150 37.52067660
271 122.06344860 37.51594290
272 122.06078440 37.52703840
273 122.09763980 37.51702400
274 122.09841370 37.51625670
275 122.09684320 37.51774470
276 122.06682090 37.53069890
277 122.06603400 37.53094410
278 122.06936810 37.53056160
279 122.06676050 37.53061450
280 122.06713910 37.52934890
281 122.06100250 37.52708300
282 122.06293790 37.52733010
283 122.06316490 37.52631750
284 122.06606620 37.52936160
285 122.06714710 37.53055480
286 122.06673810 37.52672030
287 122.06494220 37.52973730
288 122.06666270 37.52830680
289 122.06613060 37.53108450
290 122.06725910 37.53096530
291 122.06707480 37.53094920
292 122.06749580 37.52999340
293 122.06752260 37.52992320
294 122.06686550 37.53076120
295 122.06692090 37.53024670
296 122.06510750 37.52765500
297 122.06615750 37.52829680
298 122.06771540 37.53112770
299 122.06621810 37.53055630
300 122.06669440 37.52773470
301 122.06614130 37.52929780
302 122.06638000 37.53078460
303 122.07016250 37.52679630
304 122.07125330 37.52627090
305 122.07128010 37.52569350
306 122.07143910 37.52443430
307 122.07216020 37.52504560
308 122.07285730 37.52560060
309 122.07326610 37.52541720
310 122.07328400 37.52418410
311 122.07560940 37.52546400
312 122.07544590 37.52550510
313 122.07668760 37.52216740
314 122.07883650 37.52346500
315 122.07599020 37.52513280
316 122.07739570 37.52460530
317 122.07527140 37.52323960
318 122.07851590 37.52360910
319 122.07609750 37.52263120
320 122.07713290 37.52418840
321 122.08269320 37.53140350
322 122.08460290 37.52490310
323 122.08401860 37.52326150
324 122.08292120 37.52995300
325 122.08553630 37.52473080
326 122.08444740 37.52455420
327 122.08283800 37.53080160
328 122.08404610 37.52335290
329 122.08157660 37.52466590
330 122.08241480 37.52495330
331 122.08704760 37.52448080
332 122.08276830 37.53130990
333 122.08276830 37.53113770
334 122.08258880 37.52557140
335 122.08295610 37.53041030
336 122.08243300 37.52989550
337 122.08285680 37.53054630
338 122.08507650 37.52309200
339 122.08254840 37.52998280
340 122.08420870 37.52377990
341 122.08167910 37.52509020
342 122.08292920 37.53015080
343 122.08571320 37.52543280
344 122.07823570 37.53146480
345 122.07930000 37.52872540
346 122.07689910 37.53306180
347 122.07801970 37.53224890
348 122.07918540 37.53000590
349 122.07816200 37.53161750
350 122.07813860 37.53211170
351 122.07959850 37.52918280
352 122.07382410 37.53010090
353 122.07876350 37.53049090
354 122.07833650 37.53128730
355 122.07889880 37.53033650
356 122.07021050 37.52801370
357 122.07899420 37.53031650
358 122.07640160 37.53327570
359 122.07977210 37.52946140
360 122.07524810 37.52738590
361 122.07402170 37.53003980
362 122.07957890 37.52960180
363 122.07213650 37.52862340
364 122.07427610 37.53497880
365 122.07426970 37.53490060
366 122.07261880 37.53547440
367 122.07885710 37.52069340
368 122.07840980 37.51975130
369 122.07917750 37.52121420
370 122.07848800 37.51987570
371 122.06240730 37.53092500
372 122.07802180 37.52850360
373 122.06258680 37.52941900
374 122.06307850 37.53062920
375 122.06309460 37.52862120
376 122.06243560 37.53059300
377 122.08042090 37.52990980
378 122.07701320 37.52888280
379 122.07281680 37.52633830
380 122.07580710 37.52826690
381 122.07823040 37.52709850
382 122.07928960 37.52989310
383 122.06193210 37.52853250
384 122.07880460 37.52870560
385 122.07840420 37.52885030
386 122.07732660 37.52977950
387 122.07873150 37.52832250
388 122.06279180 37.52787300
389 122.06247970 37.53029700
390 122.06415360 37.53034630
391 122.06149600 37.53056530
392 122.06359350 37.53039090
393 122.07852870 37.52828670
394 122.07681420 37.52896520
395 122.07673740 37.52911330
396 122.07714690 37.52973460
397 122.07851060 37.52925240
398 122.07846080 37.52933340
399 122.06290520 37.52796670
400 122.06419990 37.52987130
401 122.06173720 37.53024690
402 122.06174920 37.53054910
403 122.06255810 37.52973580
404 122.06407090 37.53013140
405 122.06176260 37.52995910
406 122.07692830 37.52940300
407 122.07047790 37.52739760
408 122.07661890 37.52957960
409 122.06116570 37.51905140
410 122.06544220 37.53064510
411 122.07834280 37.52897490
412 122.06250200 37.52041580
413 122.06411380 37.52066110
414 122.06252420 37.53001840
415 122.07322260 37.52651960
416 122.06283230 37.52773360
417 122.06456820 37.52871460
418 122.06341470 37.52859020
419 122.07845600 37.53107990
420 122.06187690 37.53083210
421 122.05756660 37.51853980
422 122.06104540 37.53021220
423 122.06177940 37.52967200
424 122.07889220 37.52860010
425 122.07280960 37.52641740
426 122.07881380 37.53038950
427 122.07903010 37.53022940
428 122.06182150 37.52935680
429 122.08050470 37.52955300
430 122.06793560 37.52629240
431 122.06283040 37.52601780
432 122.06599510 37.52684440
433 122.06405800 37.52561940
434 122.06328270 37.52581540
435 122.06672680 37.52683370
436 122.07025910 37.52776460
437 122.06136900 37.52611270
438 122.06164170 37.52415320
439 122.06151020 37.52468100
440 122.06927250 37.52613440
441 122.06932520 37.52566740
442 122.06556940 37.52283710
443 122.06615150 37.52651730
444 122.06677440 37.52209400
445 122.06657040 37.52298820
446 122.06168670 37.52605330
447 122.06550960 37.52680230
448 122.06133690 37.52546720
449 122.06671250 37.52650930
450 122.06829790 37.52618060
451 122.07406740 37.52215860
452 122.06409540 37.52658290
453 122.06650270 37.52684730
454 122.06149490 37.52578300
455 122.06145480 37.52495910
456 122.06970960 37.52540380
457 122.06968720 37.52778970
458 122.06254800 37.52514850
459 122.07390310 37.52274320
460 122.06866150 37.52603410
461 122.07033780 37.52444230
462 122.06590440 37.52129210
463 122.06771160 37.52403600
464 122.07075300 37.52460740
465 122.07619360 37.52087130
466 122.07154320 37.52451610
467 122.06397650 37.52622070
468 122.07014250 37.52161660
469 122.07507850 37.52188660
470 122.06234940 37.52603370
471 122.07432700 37.52342200
472 122.07072830 37.52512010
473 122.06877910 37.52311370
474 122.06769010 37.52313330
475 122.06644620 37.52138740
476 122.06732330 37.52678520
477 122.06877430 37.52361050
478 122.07631510 37.52048280
479 122.07714590 37.52112770
480 122.06918570 37.52780240
481 122.06119430 37.52546920
482 122.06312970 37.52642230
483 122.07650950 37.52078080
484 122.06772280 37.52353810
485 122.06837010 37.52652670
486 122.07058360 37.52445410
487 122.06883840 37.52635990
488 122.06912650 37.52336130
489 122.06858480 37.52690690
490 122.06959360 37.52594490
491 122.06562040 37.52648330
492 122.06173090 37.52594210
493 122.06783660 37.52667680
494 122.06237490 37.52592690
495 122.06960680 37.52377560
496 122.06286980 37.52578810
497 122.06432360 37.52432440
498 122.06741300 37.52642150
499 122.06334010 37.52551340
500 122.07870510 37.52471850
501 122.07678030 37.52575080
502 122.07756260 37.52641790
503 122.07705010 37.52620170
504 122.07737490 37.52640620
505 122.07679160 37.52539980
506 122.07929070 37.52571140
507 122.07599750 37.52608250
508 122.07512600 37.53281760
509 122.07517440 37.53290900
510 122.07592010 37.53410870
511 122.07590870 37.53250370
512 122.07655980 37.53320970
513 122.07473300 37.53379180
514 122.07510540 37.53442200
515 122.07674030 37.53379980
516 122.07768810 37.52963730
517 122.07904460 37.52841340
518 122.07667190 37.52967280
519 122.07666950 37.53152870
520 122.07569620 37.53003090
521 122.07703580 37.53213270
522 122.07622580 37.53092770
523 122.07705910 37.53093060
524 122.07497330 37.53102410
525 122.07620280 37.53152390
526 122.07608770 37.53068790
527 122.07702500 37.53236630
528 122.07869540 37.52874500
529 122.07880610 37.52845140
530 122.07579920 37.53151650
531 122.07704860 37.53033440
532 122.07537340 37.52950990
533 122.07571110 37.52936920
534 122.07855070 37.53305510
535 122.07366700 37.52799550
536 122.07457360 37.52794870
537 122.07397280 37.52952280
538 122.07400940 37.52785690
539 122.07509610 37.52835370
540 122.07451870 37.52971360
541 122.07569260 37.53419000
542 122.07621020 37.53501540
543 122.07353290 37.52822530
544 122.07500510 37.53220250
545 122.07514440 37.53216610
546 122.07410140 37.53463270
547 122.07535150 37.52921650
548 122.07569840 37.53216870
549 122.07533380 37.52878130
550 122.07502420 37.52957580
551 122.07585540 37.53413350
552 122.07540090 37.53270400
553 122.07344710 37.52860390
554 122.07351150 37.52884640
555 122.07344170 37.52843370
556 122.07491940 37.52815280
557 122.07380380 37.52937610
558 122.07522710 37.52855960
559 122.07562320 37.53216980
560 122.07534610 37.52886340
561 122.07536220 37.52906760
562 122.07490450 37.53222020
563 122.07479360 37.52806130
564 122.07473460 37.52968870
565 122.07524810 37.52940580
566 122.07480750 37.53221440
567 122.11051950 37.51310910
568 122.04948150 37.51730890
569 122.04941890 37.51875540
570 122.08999310 37.51571350
571 122.08719140 37.51674050
572 122.06672880 37.52581560
573 122.07254600 37.52205150
574 122.06772130 37.52389030
575 122.06766610 37.52423960
576 122.06750780 37.52487350
577 122.07093990 37.52277790
578 122.06738060 37.52563900
579 122.06666170 37.52586660
580 122.07226610 37.51577780
581 122.07003220 37.51740480
582 122.06806890 37.51883540
583 122.06758830 37.52459490
584 122.07115030 37.52279730
585 122.07006690 37.52420330
586 122.06698480 37.52578400
587 122.06725720 37.52495190
588 122.06735610 37.51921830
589 122.07261660 37.51559330
590 122.06830330 37.52544760
591 122.06882630 37.52513060
592 122.06755220 37.52481370
593 122.06834740 37.52472680
594 122.06738590 37.52494130
595 122.06614000 37.52480550
596 122.06664150 37.52597330
597 122.06855270 37.52531990
598 122.07182520 37.51608760
599 122.06797870 37.52547950
600 122.07806690 37.53872710
601 122.07771810 37.53791310
602 122.06194400 37.52838580
603 122.06838290 37.53324220
604 122.06597590 37.53277360
605 122.06851560 37.53320110
606 122.06868960 37.53317950
607 122.06910070 37.53326180
608 122.06898370 37.53321720
609 122.06927340 37.53355670
610 122.06924140 37.53342270
611 122.06629050 37.53256680
612 122.06947510 37.53240530
613 122.07078960 37.53029120
614 122.07025890 37.53108510
615 122.06884280 37.53318550
616 122.07070630 37.53032770
617 122.07035810 37.53112350
618 122.05892920 37.51874090
619 122.09362810 37.52360010
620 122.08035160 37.52749500
621 122.08938980 37.52470770
622 122.08131620 37.52370940
623 122.08866850 37.52268440
624 122.08741320 37.52260660
625 122.08195480 37.51877380
626 122.08419970 37.51759840
627 122.08860610 37.52279690
628 122.08759150 37.52287580
629 122.08923170 37.52430150
630 122.08722340 37.52266520
631 122.08638960 37.52296540
632 122.07627830 37.52652540
633 122.08695520 37.52280540
634 122.07313330 37.52208570
635 122.06576870 37.52026420
636 122.06669050 37.52152150
637 122.06358630 37.51597550
638 122.07717840 37.52037000
639 122.06561580 37.51983020
640 122.06675000 37.52169470
641 122.07132320 37.52433080
642 122.06559750 37.51960000
643 122.07196410 37.52200680
644 122.06642620 37.52111000
645 122.06314130 37.51715050
646 122.06596690 37.52060810
647 122.06606430 37.52074590
648 122.06622320 37.52088560
649 122.06657080 37.52128560
650 122.06678570 37.52188660
651 122.06568020 37.52005110
652 122.06326740 37.51716580
653 122.06477610 37.52573050
654 122.06435340 37.52453330
655 122.07175760 37.52387090
656 122.06242680 37.52570700
657 122.07370530 37.52254930
658 122.07239390 37.52340480
659 122.07061100 37.52502590
660 122.06420010 37.52534460
661 122.06249890 37.52572840
662 122.10801620 37.51757550
663 122.10999360 37.51758930
664 122.11145580 37.51742610
665 122.08205620 37.52012070
666 122.08136550 37.52025920
667 122.08291330 37.52243760
668 122.08083550 37.52177170
669 122.08354080 37.52126750
670 122.07035550 37.52465750
671 122.08239020 37.52257160
672 122.08240910 37.52017070
673 122.07031320 37.52455890
674 122.08354890 37.52153350
675 122.08100660 37.52201960
676 122.08351670 37.52178870
677 122.08295610 37.52040380
678 122.07304280 37.52291630
679 122.08340140 37.52087610
680 122.07828960 37.52270030
681 122.08197980 37.52254610
682 122.08075440 37.52147930
683 122.08005300 37.51931610
684 122.07046590 37.52443370
685 122.08170090 37.52014430
686 122.08130430 37.52229200
687 122.08086950 37.52069820
688 122.07050500 37.52479530
689 122.08158860 37.52243240
690 122.08076720 37.52095440
691 122.08317340 37.52227160
692 122.08268520 37.52023750
693 122.08318950 37.52059960
694 122.08337190 37.52206950
695 122.08074100 37.52120490
696 122.08111080 37.52043370
697 122.07673650 37.53129830
698 122.07473550 37.53215550
699 122.07342600 37.53010890
700 122.07362370 37.52912470
701 122.07670430 37.53132380
702 122.07679010 37.53128550
703 122.07324360 37.53007940
704 122.07278510 37.52983140
705 122.07362250 37.53012390
706 122.07672630 37.52906060
707 122.07721810 37.52978890
708 122.07728650 37.52978980
709 122.07718780 37.52977620
710 122.07675830 37.52899390
711 122.07673350 37.52902170
712 122.07724990 37.52979180
713 122.07681500 37.53040070
714 122.07366950 37.52276210
715 122.07355350 37.52266490
716 122.07385220 37.52244620
717 122.07392940 37.52278240
718 122.07394870 37.52254540
719 122.07636650 37.52897710
720 122.07581850 37.52614090
721 122.08641150 37.52269920
722 122.07838250 37.52283020
723 122.08613040 37.52281030
724 122.08160690 37.52519510
725 122.08790780 37.52080320
726 122.08288190 37.52345410
727 122.08839490 37.52194750
728 122.09143880 37.53030680
729 122.08874410 37.52182180
730 122.08499010 37.52310390
731 122.07941060 37.52404530
732 122.09749560 37.52256200
733 122.10106650 37.52068680
734 122.10082330 37.52085180
735 122.07590980 37.52595260
736 122.10258970 37.51294640
737 122.10236330 37.51306750
738 122.11164780 37.51313740
739 122.10200070 37.51312800
740 122.10202610 37.51319680
741 122.11157700 37.51747940
742 122.10185530 37.51333220
743 122.11167690 37.51738420
744 122.10477270 37.51839240
745 122.10453040 37.51856920
746 122.09408940 37.51331080
747 122.09234000 37.51441130
748 122.09585430 37.51847900
749 122.09564270 37.51867800
750 122.10259360 37.51998490
751 122.10236240 37.52011540
752 122.09958000 37.52176860
753 122.09880140 37.52215260
754 122.09152600 37.52415720
755 122.09145530 37.52417540
756 122.08734840 37.52523120
757 122.09087480 37.53587500
758 122.08998640 37.53899390
759 122.08984020 37.53905960
760 122.09355110 37.51336200
761 122.09387470 37.51349240
762 122.09363430 37.51357160
763 122.11193030 37.51733820
764 122.11115550 37.51746870
765 122.11129720 37.51751380
766 122.08782310 37.52285630
767 122.08800680 37.52289570
768 122.08740610 37.52295080
769 122.08815080 37.52298620
770 122.08726210 37.52305710
771 122.08823520 37.52310440
772 122.08718760 37.52321070
773 122.08828980 37.52330130
774 122.08722730 37.52337610
775 122.08828980 37.52347450
776 122.08730680 37.52350600
777 122.08746560 37.52365960
778 122.08852810 37.52407700
779 122.08850830 37.52420300
780 122.08779830 37.52433300
781 122.08841390 37.52434480
782 122.08793730 37.52441960
783 122.08824510 37.52445900
784 122.08846580 37.52496410
785 122.06169190 37.53274020
786 122.08658340 37.51854220
787 122.08199240 37.51862310
788 122.07246630 37.51566350
789 122.07271690 37.51571500
790 122.08563980 37.51719010
791 122.08595540 37.51721470
792 122.08568930 37.51731280
793 122.08591520 37.51738890
794 122.06889930 37.51825960
795 122.08193670 37.51849800
796 122.08141390 37.51868450
797 122.08147260 37.51881450
798 122.08085700 37.51889300
799 122.08090960 37.51901330
800 122.06616140 37.51953800
801 122.07849340 37.51972980
802 122.07855530 37.51985740
803 122.07652590 37.52037020
804 122.07684140 37.52048310
805 122.07676410 37.52061800
806 122.07652590 37.52063520
807 122.07124910 37.52438700
808 122.07136720 37.52448590
809 122.06136580 37.52475720
810 122.06148960 37.52477800
811 122.07057090 37.52490570
812 122.07066940 37.52498380
813 122.06591980 37.52568080
814 122.06111840 37.52578360
815 122.06054290 37.52925200
816 122.07109570 37.52933270
817 122.07117890 37.52950270
818 122.07118110 37.52959820
819 122.06944220 37.52589980
820 122.06127790 37.52599690
821 122.06232140 37.52615020
822 122.06541220 37.52656210
823 122.06575130 37.52660030
824 122.06538380 37.52668700
825 122.06572510 37.52673040
826 122.06548300 37.52685520
827 122.06563360 37.52643940
828 122.07113950 37.52970750
829 122.07086820 37.53017410
830 122.09091790 37.53572880
831 122.11007900 37.51310430
832 122.09140540 37.51499180
833 122.08898410 37.51609600
834 122.11057010 37.51756070
835 122.10705730 37.51755290
836 122.10684940 37.51755830
837 122.11035650 37.51757810
838 122.09355260 37.51792120
839 122.09301630 37.51804060
840 122.09056950 37.51886550
841 122.09521320 37.51906630
842 122.09488430 37.51937370
843 122.09396450 37.51988960
844 122.09172480 37.52072430
845 122.09140470 37.52082010
846 122.08962960 37.52147630
847 122.08178970 37.51844820
848 122.06856470 37.51849160
849 122.07463640 37.51857020
850 122.05881800 37.51872450
851 122.09339420 37.51339240
852 122.10136540 37.51370750
853 122.09330410 37.51389620
854 122.09213820 37.51422820
855 122.09967950 37.51508850
856 122.09241970 37.51448720
857 122.08967860 37.51561630
858 122.09094030 37.51499620
859 122.09112280 37.51532870
860 122.09148070 37.51511740
861 122.09070080 37.51512860
862 122.08888240 37.51591440
863 122.08589400 37.51735450
864 122.09005990 37.51583570
865 122.08906180 37.51623070
866 122.08706930 37.51655210
867 122.08725610 37.51686590
868 122.08570440 37.51704250
869 122.05397610 37.51800340
870 122.07424190 37.51803610
871 122.07702280 37.52026050
872 122.07668050 37.52027550
873 122.06934830 37.52037750
874 122.07701440 37.52054540
875 122.06231270 37.52059040
876 122.06245880 37.52060800
877 122.06952300 37.52074000
878 122.07609820 37.52076190
879 122.06227240 37.52076270
880 122.06241850 37.52078550
881 122.06973850 37.52101120
882 122.07993250 37.51911150
883 122.06909410 37.51929720
884 122.06288070 37.51930180
885 122.08011970 37.51943160
886 122.06914320 37.51962170
887 122.07837690 37.51967010
888 122.06921820 37.51993540
889 122.07853910 37.51998890
890 122.07614340 37.52002660
891 122.06791600 37.52654750
892 122.07878080 37.52338790
893 122.06160700 37.52372990
894 122.06173570 37.52374640
895 122.07919830 37.52393890
896 122.06356980 37.52438440
897 122.06597150 37.52479710
898 122.06906430 37.52584930
899 122.06243090 37.52604930
900 122.06240320 37.52616640
901 122.06227690 37.52624940
902 122.06290770 37.52626650
903 122.06237330 37.52626900
904 122.06787920 37.52641200
905 122.06755210 37.53191570
906 122.06758930 37.53216330
907 122.06874500 37.53227820
908 122.06849970 37.53228700
909 122.06916120 37.53231940
910 122.06773050 37.53234300
911 122.06796830 37.53241080
912 122.06815040 37.53242550
913 122.06831770 37.53279980
914 122.07051450 37.52494630
915 122.06939940 37.52574800
916 122.06319870 37.52619570
917 122.06823310 37.52630670
918 122.06830460 37.52643530
919 122.06672540 37.52660320
920 122.07004780 37.52780150
921 122.06510280 37.53002120
922 122.06518950 37.53017680
923 122.07078110 37.53035610
924 122.07181000 37.53064230
925 122.06926370 37.53072840
926 122.07414320 37.53138510
927 122.07133930 37.53144810
928 122.06994890 37.53145500
929 122.06979400 37.53146460
930 122.07126590 37.53146460
931 122.07001970 37.53146490
932 122.06958530 37.53150200
933 122.07013110 37.53150550
934 122.06944390 37.53155110
935 122.07024920 37.53158420
936 122.06935900 37.53161300
937 122.06929300 37.53169420
938 122.07034610 37.53173800
939 122.06926480 37.53177320
940 122.06928230 37.53184370
941 122.07039190 37.53188750
942 122.06933210 37.53191850
943 122.07284960 37.53197080
944 122.07298160 37.53203270
945 122.06951390 37.53205410
946 122.07036230 37.53209890
947 122.06964360 37.53211350
948 122.06898470 37.53212030
949 122.07302730 37.53213950
950 122.06975260 37.53215560
951 122.07028150 37.53216940
952 122.06983710 37.53218440
953 122.07014680 37.53219720
954 122.06997710 37.53220150
955 122.07300850 37.53223780
956 122.06952040 37.53232020
957 122.06962700 37.53235920
958 122.07059140 37.53272840
959 122.07255060 37.53307080
960 122.07026670 37.53328430
961 122.06940350 37.53199220
962 122.07040000 37.53201350
963 122.08741190 37.51995950
964 122.08845400 37.52173760
965 122.08631550 37.52281040
966 122.06470140 37.52328100
967 122.06456040 37.52333780
968 122.07937050 37.52423600
969 122.07569630 37.52560110
970 122.07578290 37.52574700
971 122.07312760 37.52298130
972 122.07247550 37.52346900
973 122.07184810 37.52393830
974 122.07084500 37.52469610
975 122.07093960 37.52479100
976 122.07056050 37.52524210
977 122.07127460 37.52581280
978 122.06757720 37.53208280
979 122.06782900 37.53199860
980 122.06795440 37.53200840
981 122.06815170 37.53208170
982 122.06839060 37.53233030
983 122.07274280 37.53192730
984 122.07216290 37.53286310
985 122.07198110 37.53307940
986 122.07258710 37.53318080
987 122.07251640 37.53339180
988 122.07146600 37.53460390
989 122.07227820 37.53177300
990 122.07172860 37.53265750
991 122.07085410 37.53227870
992 122.07136160 37.53244390
993 122.07178790 37.53160340
994 122.07231810 37.53071810
995 122.06793080 37.53071380
996 122.06838530 37.53087400
997 122.06794770 37.53117840
998 122.06803180 37.53105020
999 122.06870180 37.53128250
1000 122.06860420 37.53170710
1001 122.06833820 37.53172570
1002 122.06803860 37.53168040
1003 122.06789040 37.53159220
1004 122.06464150 37.53034270
1005 122.06465490 37.53017180
1006 122.07009820 37.53329410
1007 122.06995410 37.53306310
1008 122.06968470 37.53288170
1009 122.06960640 37.53298360
1010 122.06983820 37.53322210
1011 122.06998850 37.53351520
1012 122.06824290 37.53263250
1013 122.06794300 37.53280970
1014 122.06814350 37.53289670
1015 122.06858210 37.53275010
1016 122.06892040 37.53273770
1017 122.06901430 37.53261100
1018 122.06872300 37.53257370
1019 122.06840350 37.53258610
1020 122.07008780 37.52843190
1021 122.06809100 37.52932550
1022 122.07019080 37.52808080
1023 122.06791940 37.52908940
1024 122.06852500 37.52913130
1025 122.06835750 37.52889490
1026 122.06868360 37.52856110
1027 122.06878700 37.52870420
1028 122.06895620 37.52893840
1029 122.06911540 37.52915880
1030 122.06824900 37.52874190
1031 122.06867550 37.52934380
1032 122.06954190 37.52898650
1033 122.06937150 37.52875250
1034 122.06920220 37.52851980
1035 122.06909130 37.52836750
1036 122.06999130 37.52876080
1037 122.06952390 37.52896180
1038 122.06779960 37.52892450
1039 122.06824730 37.52954050
1040 122.08266650 37.52252830
1041 122.08272450 37.52320620
1042 122.08303760 37.52323190
1043 122.08276550 37.52327980
1044 122.08179610 37.52337230
1045 122.08183020 37.52363050
1046 122.08402780 37.52328510
1047 122.08132740 37.52376130
1048 122.08136120 37.52385360
1049 122.07433970 37.52991830
1050 122.07417350 37.52998390
1051 122.07428200 37.53000380
1052 122.07671050 37.53376090
1053 122.07679580 37.53377690
1054 122.07666120 37.53383030
1055 122.07677340 37.53385880
1056 122.07965880 37.53401500
1057 122.07846880 37.53420230
1058 122.07774490 37.53438810
1059 122.07717320 37.53450440
1060 122.07729670 37.53455600
1061 122.07727200 37.53465920
1062 122.07782320 37.52628310
1063 122.07789010 37.52658370
1064 122.08386160 37.52161570
1065 122.07986770 37.52212470
1066 122.07932040 37.52116140
1067 122.08081630 37.52060830
1068 122.07846340 37.52147820
1069 122.08528080 37.51757540
1070 122.08463730 37.51934650
1071 122.08600750 37.51884660
1072 122.08549230 37.51903460
1073 122.08810980 37.51817390
1074 122.08737560 37.51682390
1075 122.08161260 37.51889650
1076 122.08324990 37.51830710
1077 122.08334850 37.51848510
1078 122.08387960 37.51830000
1079 122.08289520 37.51865530
1080 122.08286570 37.51870420
1081 122.08286300 37.51878290
1082 122.08288450 37.51888080
1083 122.08321440 37.51945730
1084 122.08389030 37.51922120
1085 122.08880150 37.51930630
1086 122.09048480 37.51871760
1087 122.08865130 37.51906050
1088 122.08843490 37.51870610
1089 122.08854570 37.51888750
1090 122.08767230 37.51919780
1091 122.08742550 37.51877650
1092 122.08853060 37.51939990
1093 122.08832400 37.51902760
1094 122.08845550 37.51897870
1095 122.08865780 37.51935590
1096 122.08054820 37.51889140
1097 122.07925520 37.51935470
1098 122.07884050 37.51862870
1099 122.07916490 37.51919670
1100 122.07982490 37.51894990
1101 122.07990650 37.51912080
1102 122.07900500 37.51891670
1103 122.07889690 37.51887330
1104 122.07873320 37.51887540
1105 122.07755580 37.51941370
1106 122.07703000 37.51950520
1107 122.07672960 37.51963070
1108 122.07657410 37.51965830
1109 122.07615560 37.51976680
1110 122.07598310 37.51987170
1111 122.07849850 37.52929490
1112 122.07833630 37.52892840
1113 122.07835620 37.52888530
1114 122.07886250 37.52865940
1115 122.07888120 37.52862980
1116 122.07864740 37.52827980
1117 122.07858800 37.52827820
1118 122.07802550 37.52861930
1119 122.07802660 37.52867040
1120 122.07798630 37.52872950
1121 122.07793500 37.52877550
1122 122.07772760 37.52886670
1123 122.07764920 37.52888160
1124 122.07757510 37.52888120
1125 122.07748640 37.52886510
1126 122.07730670 37.52878090
1127 122.07720660 37.52863520
1128 122.07792720 37.52835090
1129 122.07676870 37.52543210
1130 122.07746690 37.52643850
1131 122.07408390 37.52788810
1132 122.07432690 37.52790220
1133 122.07530900 37.52931410
1134 122.07515100 37.52949080
1135 122.07488680 37.52963670
1136 122.07434480 37.52970580
1137 122.07309400 37.53002960
1138 122.07292090 37.52996070
1139 122.07268990 37.52970150
1140 122.07256520 37.52953900
1141 122.07191250 37.52968050
1142 122.07184950 37.52971870
1143 122.07179950 37.52977900
1144 122.07145890 37.53039570
1145 122.07420420 37.53479630
1146 122.07532600 37.53315290
1147 122.07786810 37.53556110
1148 122.07866280 37.53671740
1149 122.07809520 37.53429830
1150 122.07907160 37.53409480
1151 122.08041420 37.53395440
1152 122.08094990 37.53393910
1153 122.08118280 37.53395450
1154 122.07905550 37.53062060
1155 122.07913710 37.53094690
1156 122.07928840 37.53126400
1157 122.07949030 37.53158100
1158 122.07973100 37.53187040
1159 122.08001440 37.53214750
1160 122.08042970 37.53254150
1161 122.08058110 37.53276620
1162 122.08078390 37.53313060
1163 122.08086440 37.53332840
1164 122.08091800 37.53354110
1165 122.08094750 37.53378150
1166 122.08026450 37.53238470
1167 122.07874490 37.53515950
1168 122.07886830 37.53512550
1169 122.07901320 37.53511060
1170 122.07912850 37.53511490
1171 122.07923580 37.53513190
1172 122.07930820 37.53517020
1173 122.07937260 37.53524250
1174 122.07984470 37.53602090
1175 122.07984470 37.53608260
1176 122.07979370 37.53615070
1177 122.07967300 37.53625700
1178 122.07951210 37.53634420
1179 122.08048660 37.53262590
1180 122.08120350 37.53211700
1181 122.07995900 37.53189370
1182 122.08045250 37.53153630
1183 122.08052760 37.53152780
1184 122.08061880 37.53156190
1185 122.08098360 37.53184050
1186 122.08135110 37.53236590
1187 122.08146640 37.53259980
1188 122.08156030 37.53280190
1189 122.08164070 37.53301890
1190 122.08171850 37.53325070
1191 122.08171320 37.53332090
1192 122.08167020 37.53334640
1193 122.08091160 37.53351570
1194 122.07997780 37.53193830
1195 122.08017620 37.53214250
1196 122.08024870 37.53221490
1197 122.08016150 37.53228700
1198 122.07893940 37.53711970
1199 122.07894740 37.53718350
1200 122.07891260 37.53724510
1201 122.07765610 37.53780120
1202 122.07913320 37.53093140
1203 122.07985420 37.53080890
1204 122.08008220 37.53079830
1205 122.08032630 37.53081740
1206 122.08083060 37.53077700
1207 122.07772520 37.53246820
1208 122.06890480 37.52738370
1209 122.07019820 37.52684730
1210 122.07415340 37.52965690
1211 122.07719270 37.53286480
1212 122.07809260 37.53218560
1213 122.07598010 37.52605110
1214 122.07208690 37.52869330
1215 122.07207760 37.52877750
1216 122.08070620 37.53803530
1217 122.08293380 37.53897110
1218 122.08341850 37.53888240
1219 122.07968660 37.53906870
1220 122.08004390 37.53886950
1221 122.06870880 37.52305890
1222 122.06862590 37.52304980
1223 122.06818630 37.52311680
1224 122.06679060 37.52039150
1225 122.07910440 37.53032220
1226 122.07929900 37.53034650
1227 122.07947060 37.53036690
1228 122.07956280 37.53037300
1229 122.08073070 37.53025720
1230 122.06777650 37.52313040
1231 122.06787840 37.52276560
1232 122.06792130 37.52237870
1233 122.06791590 37.52206830
1234 122.06754600 37.52160490
1235 122.06749240 37.52150290
1236 122.06746020 37.52147730
1237 122.06743880 37.52141780
1238 122.06739590 37.52137530
1239 122.06735300 37.52130730
1240 122.06731010 37.52124350
1241 122.06726190 37.52115850
1242 122.06722440 37.52108200
1243 122.06719220 37.52105220
1244 122.06704210 37.52078430
1245 122.06695630 37.52066960
1246 122.06693490 37.52061000
1247 122.08091970 37.51914490
1248 122.08150280 37.52021220
1249 122.08111460 37.51950160
1250 122.08178860 37.51926750
1251 122.08226180 37.52014980
1252 122.08184870 37.51913480
1253 122.08207190 37.51901570
1254 122.08286420 37.51874680
1255 122.08331210 37.51961810
1256 122.08333360 37.51969640
1257 122.08329930 37.51975770
1258 122.07586960 37.51976200
1259 122.07536260 37.51992750
1260 122.07506220 37.51942690
1261 122.07518360 37.51958330
1262 122.07555680 37.52038960
1263 122.07575780 37.52089830
1264 122.07452510 37.52016820
1265 122.07471630 37.52060380
1266 122.07469810 37.52078680
1267 122.07471930 37.52092640
1268 122.07490440 37.52112850
1269 122.07460120 37.52033340
1270 122.07543760 37.52010590
1271 122.07467850 37.52051510
1272 122.07551070 37.52027990
1273 122.07493670 37.52044220
1274 122.07459790 37.51972540
1275 122.07477150 37.52009260
1276 122.07485290 37.52026490
1277 122.07525380 37.51971840
1278 122.07443710 37.51996840
1279 122.07467800 37.51989470
1280 122.07049520 37.51706460
1281 122.07456900 37.51848590
1282 122.09422200 37.51323540
1283 122.09413950 37.51328130
1284 122.09741490 37.52258400
1285 122.09570000 37.51862630
1286 122.08183020 37.52349110
1287 122.08276740 37.52332590
1288 122.08462580 37.52300690
1289 122.07922960 37.52398120
1290 122.07991960 37.52387140
1291 122.08154030 37.52360040
1292 122.08285570 37.52337270
1293 122.08465010 37.52308540
1294 122.08548220 37.52294870
1295 122.08608350 37.52273190
1296 122.08848960 37.52179880
1297 122.09154340 37.52063720
1298 122.09366190 37.51986790
1299 122.09442840 37.51957750
1300 122.09483600 37.51932430
1301 122.09515020 37.51901990
1302 122.09566530 37.51850640
1303 122.09575250 37.51846310
1304 122.09649270 37.51787750
1305 122.09778220 37.51673150
1306 122.09960670 37.51503330
1307 122.10136060 37.51364920
1308 122.10217920 37.51303130
1309 122.10243460 37.51296850
1310 122.10524980 37.51298160
1311 122.10245350 37.51303370
1312 122.10778780 37.51302330
1313 122.10958500 37.51304830
1314 122.11177600 37.51309970
1315 122.11150790 37.51741810
1316 122.11171220 37.51313680
1317 122.11172150 37.51309840
1318 122.10651520 37.51761160
1319 122.10800650 37.51765680
1320 122.11056130 37.51763410
1321 122.10907750 37.51768550
1322 122.10694510 37.51764080
1323 122.10654380 37.51768550
1324 122.10593840 37.51781330
1325 122.10538680 37.51801850
1326 122.10482050 37.51843280
1327 122.10470250 37.51853490
1328 122.10253880 37.52010380
1329 122.10239970 37.52018740
1330 122.10119330 37.52067860
1331 122.10085510 37.52090200
1332 122.09934310 37.52199010
1333 122.09895060 37.52217190
1334 122.09753770 37.52263090
1335 122.09746250 37.52264970
1336 122.08935000 37.52479820
1337 122.08738400 37.52528830
1338 122.08665520 37.52542930
1339 122.08548850 37.52564230
1340 122.08547380 37.52555320
1341 122.11152540 37.51748460
1342 122.09796290 37.52250010
1343 122.09710890 37.52273740
1344 122.11043060 37.51765030
1345 122.11052900 37.51307040
1346 122.08010140 37.52751300
1347 122.07527450 37.53149960
1348 122.07327280 37.53106700
1349 122.07093780 37.53020020
1350 122.07255550 37.52997210
1351 122.07320250 37.53020170
1352 122.07307720 37.53046070
1353 122.07167120 37.53001130
1354 122.07245280 37.53031580
1355 122.07292730 37.53046240
1356 122.07389060 37.53035000
1357 122.07387830 37.53061220
1358 122.07378790 37.53059430
1359 122.07346180 37.53113610
1360 122.07319430 37.53046070
1361 122.07374790 37.53066070
1362 122.07571590 37.53257970
1363 122.07583850 37.53253140
1364 122.08034250 37.53789280
1365 122.08055220 37.53771500
1366 122.08083240 37.53755450
1367 122.08096470 37.53748790
1368 122.08147530 37.53733110
1369 122.08165440 37.53722620
1370 122.08184270 37.53707190
1371 122.08207150 37.53692870
1372 122.08223500 37.53673990
1373 122.08246070 37.53642140
1374 122.08261480 37.53610040
1375 122.08266000 37.53588320
1376 122.08259150 37.53554250
1377 122.08256030 37.53534990
1378 122.08254480 37.53509810
1379 122.08254010 37.53489690
1380 122.08256340 37.53468580
1381 122.08275180 37.53429330
1382 122.08288260 37.53395870
1383 122.08291210 37.53361060
1384 122.08287170 37.53347980
1385 122.08014250 37.53797400
1386 122.07946570 37.53773910
1387 122.07936980 37.53764230
1388 122.07907940 37.53744660
1389 122.07907060 37.53723230
1390 122.07895270 37.53711990
1391 122.08885230 37.52253430
1392 122.08856980 37.52197090
1393 122.08637030 37.52262440
1394 122.08124450 37.52364990
1395 122.08127150 37.52371730
1396 122.07936120 37.52396030
1397 122.07964660 37.52520020
1398 122.07995310 37.52632940
1399 122.08037050 37.52756660
1400 122.08095890 37.52997830
1401 122.06644020 37.53270510
1402 122.06625200 37.53277880
1403 122.06643650 37.53279570
1404 122.10524480 37.51303590
1405 122.10417850 37.51304410
1406 122.10287160 37.51302590
1407 122.09698020 37.51750790
1408 122.09813280 37.52236230
1409 122.09824780 37.52240890
1410 122.09882160 37.52222400
1411 122.09892460 37.52210370
1412 122.09919430 37.52197820
1413 122.09908990 37.52211220
1414 122.09960630 37.52183360
1415 122.09938250 37.52188170
1416 122.09770290 37.51696660
1417 122.07381160 37.53582320
1418 122.07414200 37.53597300
1419 122.07439520 37.53613290
1420 122.07467850 37.53638820
1421 122.07492740 37.53668760
1422 122.07503470 37.53690880
1423 122.07510190 37.53709450
1424 122.07531790 37.53779700
1425 122.07583290 37.53886890
1426 122.07608180 37.53912070
1427 122.07643800 37.53928410
1428 122.07676840 37.53936240
1429 122.07703900 37.53942400
1430 122.07060140 37.52488240
1431 122.06568450 37.52659410
1432 122.06132800 37.52600380
1433 122.09393330 37.51339970
1434 122.06107630 37.52596570
1435 122.06121310 37.52598710
1436 122.06110320 37.52584830
1437 122.08625280 37.52266840
1438 122.08979410 37.52468020
657 4 15.03
4 657 15.03
4 459 12.78
459 4 12.78
459 717 4.94
717 459 4.94
717 471 79.29
471 717 79.29
471 311 253.67
311 471 253.67
311 969 17.06
969 311 17.06
13 1316 5.49
1316 13 5.49
1316 738 5.68
738 1316 5.68
738 567 99.57
567 738 99.57
567 831 38.86
831 567 38.86
831 14 43.96
14 831 43.96
14 15 158.38
15 14 158.38
15 1404 224.12
1404 15 224.12
1404 1405 94.05
1405 1404 94.05
1405 1406 115.29
1406 1405 115.29
1406 1311 36.89
1311 1406 36.89
1311 737 8.80
737 1311 8.80
737 16 12.75
16 737 12.75
16 740 20.28
740 16 20.28
740 742 21.30
742 740 21.30
742 852 60.07
852 742 60.07
852 855 213.76
855 852 213.76
855 274 171.28
274 855 171.28
274 1416 100.80
1416 274 100.80
1416 273 8.47
273 1416 8.47
273 23 63.70
23 273 63.70
23 275 42.94
275 23 42.94
275 748 119.47
748 275 119.47
748 24 10.47
24 748 10.47
24 1285 10.83
1285 24 10.83
1285 749 7.65
749 1285 7.65
749 841 57.44
841 749 57.44
841 22 37.63
22 841 37.63
22 842 7.37
842 22 7.37
842 19 27.86
19 842 27.86
19 31 54.63
31 19 54.63
31 843 16.93
843 31 16.93
843 208 57.51
208 843 57.51
208 844 160.75
844 208 160.75
844 27 10.91
27 844 10.91
27 845 19.27
845 27 19.27
845 846 172.72
846 845 172.72
846 729 87.03
729 846 87.03
729 28 20.43
28 729 20.43
28 727 13.39
727 28 13.39
727 721 193.86
721 727 193.86
721 26 12.20
26 721 12.20
26 723 15.50
723 26 15.50
723 20 61.21
20 723 61.21
20 338 37.26
338 20 37.26
338 730 7.73
730 338 7.73
730 323 87.45
323 730 87.45
323 726 102.51
726 323 102.51
726 1045 94.80
1045 726 94.80
1045 622 46.17
622 1045 46.17
622 1395 4.04
1395 622 4.04
1395 731 168.11
731 1395 168.11
731 30 10.34
30 731 10.34
28 1296 11.66
1296 28 11.66
1296 964 7.49
964 1296 7.49
964 725 114.52
725 964 114.52
725 209 97.99
209 725 97.99
209 963 5.52
963 209 5.52
963 786 173.71
786 963 173.71
786 793 141.13
793 786 141.13
793 863 4.26
863 793 4.26
863 12 12.47
12 863 12.47
12 230 13.91
230 12 13.91
30 968 19.79
968 30 19.79
30 1289 11.32
1289 30 11.32
1289 895 5.45
895 1289 5.45
895 314 61.60
314 895 61.60
314 892 9.88
892 314 9.88
892 722 71.27
722 892 71.27
722 680 16.61
680 722 16.61
680 479 201.87
479 680 201.87
479 805 65.92
805 479 65.92
805 9 10.91
9 805 10.91
9 228 15.33
228 9 15.33
228 803 8.48
803 228 8.48
803 890 50.97
890 803 50.97
890 1110 22.28
1110 890 22.28
1110 1258 15.78
1258 1110 15.78
1258 849 171.44
849 1258 171.44
849 1281 11.10
1281 849 11.10
1281 7 29.29
7 1281 29.29
7 870 28.50
870 7 28.50
870 789 291.04
789 870 291.04
789 589 16.17
589 789 16.17
17 270 13.19
270 17 13.19
270 87 332.74
87 270 332.74
87 84 258.86
84 87 258.86
84 73 192.48
73 84 192.48
73 109 172.93
109 73 172.93
109 8 185.54
8 109 185.54
8 569 12.70
569 8 12.70
569 105 414.48
105 569 414.48
105 99 328.39
99 105 328.39
1337 77 123.05
77 1337 123.05
77 92 161.71
92 77 161.71
92 54 105.58
54 92 105.58
54 68 29.87
68 54 29.87
68 86 206.27
86 68 206.27
86 83 52.72
83 86 52.72
83 728 9.81
728 83 9.81
728 112 10.95
112 728 10.95
112 60 171.42
60 112 171.42
60 59 26.50
59 60 26.50
59 95 116.18
95 59 116.18
95 91 143.56
91 95 143.56
91 830 146.20
830 91 146.20
830 89 8.39
89 830 8.39
89 757 8.30
757 89 8.30
757 55 91.08
55 757 91.08
55 115 139.53
115 55 139.53
115 758 124.95
758 115 124.95
758 64 16.40
64 758 16.40
848 883 101.02
883 848 101.02
883 886 36.34
886 883 36.34
886 888 35.50
888 886 35.50
888 873 50.48
873 888 50.48
873 877 43.15
877 873 43.15
877 881 35.65
881 877 35.65
881 142 48.26
142 881 48.26
142 468 31.02
468 142 31.02
468 135 27.25
135 468 27.25
135 139 92.20
139 135 92.20
139 643 62.15
643 139 62.15
643 573 51.56
573 643 51.56
573 634 51.93
634 573 51.93
634 451 82.78
451 634 82.78
451 247 9.82
247 451 9.82
247 141 13.69
141 247 13.69
589 788 15.38
788 589 15.38
788 580 21.76
580 788 21.76
580 598 51.95
598 580 51.95
598 1280 159.88
1280 598 159.88
1280 581 55.66
581 1280 55.66
581 794 137.91
794 581 137.91
794 848 39.20
848 794 39.20
848 582 58.08
582 848 58.08
582 138 34.22
138 582 34.22
138 588 42.06
588 138 42.06
588 137 61.82
137 588 61.82
137 800 49.68
800 137 49.68
800 642 50.21
642 800 50.21
642 136 10.95
136 642 10.95
136 140 65.21
140 136 65.21
140 267 87.24
267 140 87.24
267 884 79.07
884 267 79.07
884 25 9.82
25 884 9.82
146 373 146.33
373 146 146.33
373 428 67.84
428 373 67.84
428 815 113.35
815 428 113.35
815 29 5.99
29 815 5.99
203 195 60.80
195 203 60.80
115 156 89.07
156 115 89.07
156 197 114.22
197 156 114.22
197 180 65.24
180 197 65.24
180 205 107.27
205 180 107.27
205 177 81.40
177 205 81.40
177 173 10.23
173 177 10.23
173 164 8.45
164 173 8.45
164 207 8.14
207 164 8.14
207 206 47.27
206 207 47.27
206 165 25.65
165 206 25.65
165 188 8.93
188 165 8.93
188 169 22.96
169 188 22.96
169 168 36.13
168 169 36.13
168 176 105.51
176 168 105.51
176 189 20.27
189 176 20.27
189 98 24.45
98 189 24.45
195 196 132.59
196 195 132.59
196 202 47.03
202 196 47.03
202 199 62.56
199 202 62.56
199 194 77.83
194 199 77.83
185 192 91.99
192 185 91.99
192 201 7.33
201 192 7.33
201 171 14.46
171 201 14.46
171 162 45.61
162 171 45.61
162 159 16.47
159 162 16.47
159 187 38.79
187 159 38.79
187 190 4.02
190 187 4.02
190 175 46.33
175 190 46.33
175 174 14.11
174 175 14.11
174 172 58.98
172 174 58.98
172 184 29.89
184 172 29.89
182 203 106.32
203 182 106.32
203 160 13.34
160 203 13.34
160 170 57.64
170 160 57.64
170 167 25.49
167 170 25.49
167 200 29.03
200 167 29.03
196 166 32.18
166 196 32.18
166 158 84.82
158 166 84.82
158 157 179.63
157 158 179.63
157 336 10.18
336 157 10.18
336 339 14.06
339 336 14.06
339 324 33.04
324 339 33.04
324 342 22.01
342 324 22.01
342 335 28.95
335 342 28.95
335 337 17.47
337 335 17.47
337 327 28.44
327 337 28.44
327 333 37.87
333 327 37.87
333 332 19.15
332 333 19.15
332 321 12.34
321 332 12.34
321 38 12.80
38 321 12.80
158 178 132.84
178 158 132.84
58 343 145.86
343 58 145.86
343 185 78.99
185 343 78.99
185 181 74.13
181 185 74.13
181 182 9.23
182 181 9.23
182 198 55.07
198 182 55.07
198 193 56.02
193 198 56.02
193 179 80.66
179 193 80.66
179 194 62.32
194 179 62.32
194 186 101.44
186 194 101.44
209 840 304.02
840 209 304.02
840 210 167.69
210 840 167.69
210 839 67.57
839 210 67.57
839 838 49.13
838 839 49.13
6 735 12.27
735 6 12.27
220 720 17.02
720 220 17.02
720 253 106.68
253 720 106.68
253 217 154.44
217 253 154.44
253 360 100.52
360 253 100.52
360 259 21.83
259 360 21.83
242 1051 6.57
1051 242 6.57
1051 524 128.79
524 1051 128.79
524 1347 59.17
1347 524 59.17
1347 548 83.26
548 1347 83.26
548 511 41.61
511 548 41.61
511 358 96.22
358 511 96.22
358 1052 60.44
1052 358 60.44
1052 515 5.06
515 1052 5.06
515 1055 7.18
1055 515 7.18
1055 1059 79.98
1059 1055 79.98
1059 245 9.46
245 1059 9.46
245 1061 9.87
1061 245 9.87
1061 1147 113.23
1147 1061 113.23
1147 1148 146.43
1148 1147 146.43
1148 1198 50.95
1198 1148 50.95
1198 1199 7.13
1199 1198 7.13
1199 1200 7.51
1200 1199 7.51
1200 1201 126.88
1201 1200 126.88
88 224 43.54
224 88 43.54
224 542 46.74
542 224 46.74
542 256 14.38
256 542 14.38
256 238 80.97
238 256 80.97
238 245 6.92
245 238 6.92
245 1060 6.48
1060 245 6.48
1060 1058 43.71
1058 1060 43.71
1058 1149 32.46
1149 1058 32.46
1149 1057 34.63
1057 1149 34.63
1057 1150 54.48
1150 1057 54.48
1150 1056 52.53
1056 1150 52.53
1056 1151 66.95
1151 1056 66.95
1151 1152 47.27
1152 1151 47.27
1152 1153 20.61
1153 1152 20.61
237 719 9.49
719 237 9.49
719 1127 83.27
1127 719 83.27
1127 1128 70.97
1128 1127 70.97
1128 241 85.13
241 1128 85.13
915 3 15.38
3 915 15.38
3 490 12.53
490 3 12.53
490 303 107.14
303 490 107.14
303 1209 6.49
1209 303 6.49
1209 223 12.87
223 1209 12.87
223 232 19.56
232 223 19.56
232 436 71.76
436 232 71.76
242 1049 8.65
1049 242 8.65
1049 532 101.84
532 1049 101.84
532 533 33.64
533 532 33.64
533 258 61.82
258 533 61.82
272 281 19.86
281 272 19.86
281 282 172.87
282 281 172.87
282 296 194.71
296 282 194.71
153 291 121.93
291 153 121.93
291 290 16.35
290 291 16.35
290 298 44.10
298 290 44.10
298 995 49.79
995 298 49.79
995 996 43.86
996 995 43.86
996 263 62.84
263 996 62.84
263 925 47.27
925 263 47.27
925 278 20.71
278 925 20.71
278 257 94.04
257 278 94.04
257 829 102.88
829 257 102.88
829 1349 6.79
1349 829 6.79
1349 1144 50.83
1144 1349 50.83
1144 994 83.82
994 1144 83.82
994 1348 92.70
1348 994 92.70
1348 1359 18.35
1359 1348 18.35
1359 926 66.16
926 1359 66.16
297 301 111.32
301 297 111.32
301 284 9.70
284 301 9.70
284 287 107.56
287 284 107.56
276 285 32.93
285 276 32.93
285 295 39.64
295 285 39.64
151 299 67.87
299 151 67.87
299 295 70.89
295 299 70.89
295 292 57.99
292 295 57.99
292 293 8.16
293 292 8.16
293 280 72.26
280 293 72.26
299 302 29.12
302 299 29.12
302 277 35.29
277 302 35.29
277 289 17.78
289 277 17.78
289 294 74.11
294 289 74.11
294 276 7.97
276 294 7.97
276 279 10.79
279 276 10.79
279 302 38.52
302 279 38.52
641 306 15.39
306 641 15.39
306 466 12.92
466 306 12.92
466 307 80.17
307 466 80.17
304 977 50.97
977 304 50.97
977 305 13.27
305 977 13.27
305 307 105.90
307 305 105.90
307 310 137.83
310 307 137.83
310 471 125.07
471 310 125.07
311 312 15.13
312 311 15.13
312 309 192.48
309 312 192.48
309 308 41.42
308 309 41.42
308 304 159.89
304 308 159.89
304 303 112.54
303 304 112.54
313 319 73.27
319 313 73.27
319 317 99.42
317 319 99.42
320 318 137.93
318 320 137.93
318 314 32.50
314 318 32.50
315 316 137.13
316 315 137.13
316 320 51.83
320 316 51.83
320 319 195.75
319 320 195.75
343 325 79.60
325 343 79.60
325 338 186.68
338 325 186.68
328 340 49.60
340 328 49.60
340 326 88.63
326 340 88.63
326 322 41.15
322 326 41.15
322 325 84.51
325 322 84.51
325 331 136.15
331 325 136.15
1048 329 92.30
329 1048 92.30
329 341 48.04
341 329 48.04
341 724 13.29
724 341 13.29
724 179 98.35
179 724 98.35
193 334 39.10
334 193 39.10
334 330 70.42
330 334 70.42
330 341 66.64
341 330 66.64
358 512 15.76
512 358 15.76
512 346 34.14
346 512 34.14
346 1211 33.91
1211 346 33.91
1211 1207 64.42
1207 1211 64.42
1207 347 35.62
347 1207 35.62
347 1212 9.53
1212 347 9.53
1212 350 9.16
350 1212 9.16
350 349 54.99
349 350 54.99
349 344 18.18
344 349 18.18
344 354 21.65
354 344 21.65
354 419 25.36
419 354 25.36
419 353 70.89
353 419 70.89
353 426 12.12
426 353 12.12
426 355 9.53
355 426 9.53
355 357 8.70
357 355 8.70
357 427 10.19
427 357 10.19
427 348 28.38
348 427 28.38
348 382 15.55
382 348 15.55
382 362 41.23
362 382 41.23
362 359 23.11
359 362 23.11
359 351 34.55
351 359 34.55
351 345 57.27
345 351 57.27
345 517 41.36
517 345 41.36
517 241 51.38
241 517 51.38
242 1050 7.73
1050 242 7.73
1050 361 14.76
361 1050 14.76
361 352 18.70
352 361 18.70
352 705 17.96
705 352 17.96
705 699 17.41
699 705 17.41
699 703 16.42
703 699 16.42
703 1137 14.31
1137 703 14.31
1137 1138 17.08
1138 1137 17.08
1138 704 18.71
704 1138 18.71
704 1139 16.71
1139 704 16.71
1139 1140 21.15
1140 1139 21.15
1140 1215 94.97
1215 1140 94.97
1215 1214 9.40
1214 1215 9.40
1214 363 8.92
363 1214 8.92
546 1145 20.32
1145 546 20.32
1145 365 12.96
365 1145 12.96
365 364 8.71
364 365 8.71
364 104 68.23
104 364 68.23
368 370 15.46
370 368 15.46
370 889 13.37
889 370 13.37
889 367 83.21
367 889 83.21
367 369 64.44
369 367 64.44
418 399 82.62
399 418 82.62
399 388 14.44
388 399 14.44
374 376 56.83
376 374 56.83
376 402 60.72
402 376 60.72
402 391 22.40
391 402 22.40
423 403 69.03
403 423 69.03
403 400 145.56
400 403 145.56
390 154 22.30
154 390 22.30
429 362 81.82
362 429 81.82
405 414 67.48
414 405 67.48
414 404 136.97
404 414 136.97
406 408 33.62
408 406 33.62
415 309 122.64
309 415 122.64
309 310 137.12
310 309 137.12
348 377 109.47
377 348 109.47
386 516 35.58
516 386 35.58
516 398 76.06
398 516 76.06
398 1111 5.42
1111 398 5.42
1111 397 4.84
397 1111 4.84
397 411 34.22
411 397 34.22
411 1112 5.20
1112 411 5.20
1112 1113 5.10
1113 1112 5.10
1113 385 5.75
385 1113 5.75
385 528 28.22
528 385 28.22
528 384 10.58
384 528 10.58
384 1114 7.24
1114 384 7.24
1114 1115 3.68
1115 1114 3.68
1115 424 3.44
424 1115 3.44
424 529 18.19
529 424 18.19
529 387 15.77
387 529 15.77
387 1116 8.81
1116 387 8.81
1116 1117 5.24
1117 1116 5.24
1117 393 5.31
393 1117 5.31
393 372 50.79
372 393 50.79
372 1126 70.19
1126 372 70.19
1126 378 28.25
378 1126 28.25
378 394 19.80
394 378 19.80
394 710 5.87
710 394 5.87
710 711 3.79
711 710 3.79
711 706 4.37
706 711 4.37
706 395 5.94
395 706 5.94
395 406 36.35
406 395 36.35
406 396 41.61
396 406 41.61
396 709 5.87
709 396 5.87
709 707 3.02
707 709 3.02
707 712 2.82
712 707 2.82
712 708 3.24
708 712 3.24
708 386 3.72
386 708 3.72
308 379 82.11
379 308 82.11
379 425 8.82
425 379 8.82
417 418 102.66
418 417 102.66
418 375 28.44
375 418 28.44
375 383 102.99
383 375 102.99
422 401 61.13
401 422 61.13
401 389 65.71
389 401 65.71
389 392 98.77
392 389 98.77
412 413 144.74
413 412 144.74
379 407 237.52
407 379 237.52
917 918 15.63
918 917 15.63
918 485 11.69
485 918 11.69
485 489 46.32
489 485 46.32
489 1208 60.06
1208 489 60.06
1208 480 52.74
480 1208 52.74
480 457 44.25
457 480 44.25
457 920 31.83
920 457 31.83
975 974 13.45
974 975 13.45
974 464 12.77
464 974 12.77
464 486 22.67
486 464 22.67
486 684 10.62
684 486 10.62
684 461 11.34
461 684 11.34
461 585 35.74
585 461 35.74
585 495 62.52
495 585 62.52
495 488 62.58
488 495 62.58
488 473 41.19
473 488 41.19
473 1221 8.69
1221 473 8.69
1221 1222 7.38
1222 1221 7.38
1222 1223 39.48
1223 1222 39.48
1223 1230 36.17
1230 1223 36.17
1230 474 7.63
474 1230 7.63
474 445 100.06
445 474 100.06
437 901 81.49
901 437 81.49
901 903 8.78
903 901 8.78
903 482 68.85
482 903 68.85
482 452 87.01
452 482 87.01
452 447 127.08
447 452 127.08
447 432 43.07
432 447 43.07
432 453 44.76
453 432 44.76
453 435 19.82
435 453 19.82
435 476 52.88
476 435 52.88
476 493 46.84
493 476 46.84
493 485 49.92
485 493 49.92
485 487 45.27
487 485 45.27
487 440 45.76
440 487 45.76
440 490 35.30
490 440 35.30
490 976 115.66
976 490 115.66
976 472 20.07
472 976 20.07
472 466 98.36
466 472 98.36
466 459 286.66
459 466 286.66
459 469 140.78
469 459 140.78
469 483 176.20
483 469 176.20
454 494 79.24
494 454 79.24
494 431 41.42
431 494 41.42
431 467 103.56
467 431 103.56
467 491 147.88
491 467 147.88
491 443 46.99
443 491 46.99
443 449 49.48
449 443 49.48
449 498 62.54
498 449 62.54
498 430 48.27
430 498 48.27
430 450 34.28
450 430 34.28
450 460 35.97
460 450 35.97
460 898 41.04
898 460 41.04
898 441 30.63
441 898 30.63
441 456 44.81
456 441 44.81
456 688 97.46
688 456 97.46
688 464 30.25
464 688 30.25
464 655 120.65
655 464 120.65
655 658 76.39
658 655 76.39
658 678 78.90
678 658 78.90
678 451 123.54
451 678 123.54
451 1263 204.61
1263 451 204.61
1263 478 67.46
478 1263 67.46
896 654 71.06
654 896 71.06
654 897 145.68
897 654 145.68
897 595 14.89
595 897 14.89
595 587 99.86
587 595 99.86
587 594 11.41
594 587 11.41
594 576 13.13
576 594 13.13
576 592 7.72
592 576 7.72
592 583 24.54
583 592 24.54
583 575 40.10
575 583 40.10
575 463 22.99
463 575 22.99
463 574 16.22
574 463 16.22
574 484 39.16
484 574 39.16
484 474 45.10
474 484 45.10
442 462 174.32
462 442 174.32
462 475 48.94
475 462 48.94
821 470 13.19
470 821 13.19
470 494 12.09
494 470 12.09
494 656 24.88
656 494 24.88
656 458 63.02
458 656 63.02
488 477 41.62
477 488 41.62
503 501 55.50
501 503 55.50
632 503 76.99
503 632 76.99
503 504 36.57
504 503 36.57
504 1130 8.87
1130 504 8.87
1130 502 8.74
502 1130 8.74
502 1062 27.44
1062 502 27.44
1062 506 144.18
506 1062 144.18
506 500 121.89
500 506 121.89
500 505 184.97
505 500 184.97
505 1129 4.12
1129 505 4.12
1129 501 35.45
501 1129 35.45
501 507 78.27
507 501 78.27
511 1363 6.91
1363 511 6.91
1363 1362 12.07
1362 1363 12.07
1362 552 31.02
552 1362 31.02
552 508 27.33
508 552 27.33
508 509 11.02
509 508 11.02
509 1146 30.24
1146 509 30.24
1146 510 118.49
510 1146 118.49
513 514 77.39
514 513 77.39
530 525 35.60
525 530 35.60
520 518 94.81
518 520 94.81
526 713 71.65
713 526 71.65
522 525 66.33
525 522 66.33
525 519 41.16
519 525 41.16
532 520 64.55
520 532 64.55
520 526 80.80
526 520 80.80
526 522 29.31
522 526 29.31
522 523 73.48
523 522 73.48
548 559 6.63
559 548 6.63
559 545 42.22
545 559 42.22
545 544 12.93
544 545 12.93
544 562 9.09
562 544 9.09
562 566 8.58
566 562 8.58
566 698 9.12
698 566 9.12
537 1210 21.82
1210 537 21.82
1210 1136 17.73
1136 1210 17.73
1136 540 15.36
540 1136 15.36
540 564 19.24
564 540 19.24
564 1135 14.61
1135 564 14.61
1135 550 13.88
550 1135 13.88
550 1134 14.64
1134 550 14.64
1134 565 12.75
565 1134 12.75
565 1133 11.52
1133 565 11.52
1133 547 11.48
547 1133 11.48
547 561 16.58
561 547 16.58
561 560 22.75
560 561 22.75
560 549 9.19
549 560 9.19
549 558 26.39
558 549 26.39
558 539 25.64
539 558 25.64
539 556 27.24
556 539 27.24
556 563 15.05
563 556 15.05
563 536 23.09
536 563 23.09
536 1132 22.36
1132 536 22.36
1132 1131 21.49
1131 1132 21.49
1131 538 7.43
538 1131 7.43
242 537 53.46
537 242 53.46
537 557 22.09
557 537 22.09
557 700 32.15
700 557 32.15
700 554 32.49
554 700 32.49
554 553 27.56
553 554 27.56
553 555 18.93
555 553 18.93
555 543 24.53
543 555 24.53
543 535 28.16
535 543 28.16
1145 514 89.70
514 1145 89.70
514 541 57.85
541 514 57.85
541 551 15.67
551 541 15.67
551 510 6.34
510 551 6.34
510 1054 72.31
1054 510 72.31
1054 515 7.76
515 1054 7.76
515 1053 5.52
1053 515 5.52
1053 534 174.32
534 1053 174.32
533 549 73.35
549 533 73.35
139 584 94.37
584 139 94.37
584 577 18.68
577 584 18.68
577 495 161.64
495 577 161.64
495 593 153.37
593 495 153.37
593 591 61.64
591 593 61.64
573 658 151.08
658 573 151.08
658 972 10.14
972 658 10.14
608 612 100.14
612 608 100.14
612 956 10.27
956 612 10.27
956 947 25.42
947 956 25.42
947 931 79.38
931 947 79.38
931 614 47.21
614 931 47.21
614 616 93.00
616 614 93.00
616 613 8.39
613 616 8.39
613 923 7.26
923 613 7.26
923 617 93.13
617 923 93.13
617 933 46.96
933 617 46.96
933 950 79.62
950 933 79.62
950 957 25.20
957 950 25.20
957 607 110.57
607 957 110.57
428 383 92.18
383 428 92.18
383 602 16.35
602 383 16.35
602 388 94.03
388 602 94.03
388 416 15.91
416 388 15.91
416 282 45.82
282 416 45.82
282 482 102.35
482 282 102.35
482 283 12.06
283 482 12.06
283 916 13.87
916 283 13.87
62 603 21.06
603 62 21.06
603 605 12.56
605 603 12.56
605 606 15.53
606 605 15.53
606 615 13.53
615 606 13.53
615 608 12.91
608 615 12.91
608 607 11.45
607 608 11.45
607 610 21.77
610 607 21.77
610 609 15.16
609 610 15.16
609 118 22.82
118 609 22.82
204 623 21.23
623 204 21.23
623 627 13.67
627 623 13.67
627 629 176.17
629 627 176.17
629 621 47.27
621 629 47.27
628 624 33.81
624 628 33.81
624 630 17.96
630 624 17.96
630 633 28.33
633 630 28.33
633 631 52.96
631 633 52.96
196 620 155.22
620 196 155.22
228 233 14.95
233 228 14.95
233 871 27.26
871 233 27.26
871 368 134.79
368 871 134.79
368 801 7.75
801 368 7.75
801 798 228.28
798 801 228.28
798 796 54.31
796 798 54.31
796 248 40.12
248 796 40.12
248 795 10.45
795 248 10.45
795 790 357.51
790 795 357.51
790 230 12.04
230 790 12.04
975 812 32.05
812 975 32.05
812 659 6.96
659 812 6.96
659 227 83.97
227 659 83.97
227 3 49.02
3 227 49.02
3 819 8.69
819 3 8.69
819 254 43.30
254 819 43.30
254 212 63.95
212 254 63.95
212 918 9.69
918 212 9.69
918 891 36.47
891 918 36.47
891 2 53.05
2 891 53.05
2 286 52.69
286 2 52.69
286 213 4.41
213 286 4.41
213 243 51.46
243 213 51.46
243 825 33.61
825 243 33.61
825 1 14.89
1 825 14.89
973 655 10.95
655 973 10.95
655 643 208.08
643 655 208.08
21 894 163.66
894 21 163.66
894 438 45.99
438 894 45.99
438 439 59.82
439 438 59.82
439 810 10.94
810 439 10.94
810 455 20.37
455 810 20.37
455 448 57.45
448 455 57.45
634 678 92.70
678 634 92.70
678 971 10.40
971 678 10.40
1282 1283 8.89
1283 1282 8.89
1283 746 5.50
746 1283 5.50
746 1433 16.95
1433 746 16.95
1433 762 32.57
762 1433 32.57
762 747 147.48
747 762 147.48
747 832 104.70
832 747 104.70
832 251 9.65
251 832 9.65
251 5 49.46
5 251 49.46
5 570 89.22
570 5 89.22
570 10 18.10
10 570 18.10
10 833 80.62
833 10 80.62
833 571 173.59
571 833 173.59
571 791 121.09
791 571 121.09
791 12 11.74
12 791 11.74
12 792 14.18
792 12 14.18
792 787 357.12
787 792 357.12
787 211 9.83
211 787 9.83
211 797 40.71
797 211 40.71
797 799 54.35
799 797 54.35
799 683 82.71
683 799 82.71
683 802 145.16
802 683 145.16
802 370 6.27
370 802 6.27
370 638 127.91
638 370 127.91
638 804 32.27
804 638 32.27
804 9 14.88
9 804 14.88
496 431 25.78
431 496 25.78
472 659 14.72
659 472 14.72
659 914 12.28
914 659 12.28
653 433 64.52
433 653 64.52
433 499 64.40
499 433 64.40
499 434 33.96
434 499 33.96
434 496 36.54
496 434 36.54
496 661 33.38
661 496 33.38
661 656 6.79
656 661 6.79
461 673 13.15
673 461 13.15
673 670 11.58
670 673 11.58
670 688 20.21
688 670 20.21
688 1430 12.89
1430 688 12.89
687 1067 11.04
1067 687 11.04
1067 885 144.55
885 1067 144.55
885 683 14.13
683 885 14.13
680 1065 153.19
1065 680 153.19
1065 668 93.94
668 1065 93.94
668 675 31.43
675 668 31.43
675 686 40.08
686 675 40.08
686 689 29.54
689 686 29.54
689 681 36.74
681 689 36.74
681 671 36.30
671 681 36.30
671 1040 24.84
1040 671 24.84
1040 667 23.99
667 1040 23.99
667 691 29.44
691 667 29.44
691 694 28.49
694 691 28.49
694 676 33.73
676 694 33.73
676 674 28.52
674 676 28.52
674 669 29.59
669 674 29.59
669 679 45.22
679 669 45.22
679 693 35.98
693 679 35.98
693 677 29.96
677 693 29.96
677 692 30.21
692 677 30.21
692 672 25.46
672 692 25.46
672 1251 13.20
1251 672 13.20
1251 665 18.42
665 1251 18.42
665 685 31.44
685 665 31.44
685 1248 19.03
1248 685 19.03
1248 666 13.19
666 1248 13.19
666 696 29.68
696 666 29.68
696 687 36.30
687 696 36.30
687 690 29.88
690 687 29.88
690 695 27.95
695 690 27.95
695 682 30.53
682 695 30.53
682 668 33.29
668 682 33.29
363 535 151.95
535 363 151.95
535 538 33.90
538 535 33.90
538 360 121.14
360 538 121.14
535 217 99.21
217 535 99.21
1429 1428 24.82
1428 1429 24.82
1428 1427 30.40
1427 1428 30.40
1427 1426 36.28
1426 1427 36.28
1426 1425 35.57
1425 1426 35.57
1425 1424 127.55
1424 1425 127.55
1424 1423 80.40
1423 1424 80.40
1423 1422 21.48
1422 1423 21.48
1422 1421 26.35
1421 1422 26.35
1421 1420 39.87
1420 1421 39.87
1420 1419 37.81
1419 1420 37.81
1419 1418 28.54
1418 1419 28.54
1418 1417 33.56
1417 1418 33.56
1417 366 112.10
366 1417 112.10
366 120 35.78
120 366 35.78
756 784 102.92
784 756 102.92
784 621 86.33
621 784 86.33
621 191 34.75
191 621 34.75
191 755 156.77
755 191 156.77
755 754 6.56
754 755 6.56
754 619 195.46
619 754 195.46
619 1284 352.55
1284 619 352.55
1284 732 7.53
732 1284 7.53
732 1408 60.42
1408 732 60.42
1408 753 63.41
753 1408 63.41
753 1411 12.15
1411 753 12.15
1411 1412 27.58
1412 1411 27.58
1412 1415 19.76
1415 1412 19.76
1415 752 21.48
752 1415 21.48
752 734 149.72
734 752 149.72
734 733 28.23
733 734 28.23
733 751 130.76
751 733 130.76
751 126 7.06
126 751 7.06
126 127 6.73
127 126 6.73
127 750 11.31
750 127 11.31
750 745 232.29
745 750 232.29
745 129 14.39
129 745 14.39
129 744 14.66
744 129 14.66
744 134 31.94
134 744 31.94
134 132 40.82
132 134 40.82
132 133 40.49
133 132 40.49
133 128 37.10
128 133 37.10
128 1318 29.15
1318 128 29.15
1318 836 30.07
836 1318 30.07
836 131 9.86
131 836 9.86
131 835 8.49
835 131 8.49
835 662 84.61
662 835 84.61
662 663 174.41
663 662 174.41
663 837 32.03
837 663 32.03
837 130 9.95
130 837 9.95
130 834 8.98
834 130 8.98
834 764 52.63
764 834 52.63
764 664 26.91
664 764 26.91
664 1315 4.68
1315 664 4.68
1315 11 4.71
11 1315 4.71
11 743 10.68
743 11 10.68
743 763 22.93
763 743 22.93
735 1213 12.59
1213 735 12.59
1213 220 2.50
220 1213 2.50
220 507 1.32
507 220 1.32
507 632 55.12
632 507 55.12
632 249 15.83
249 632 15.83
784 783 59.44
783 784 59.44
783 782 27.50
782 783 27.50
782 780 15.59
780 782 15.59
780 777 80.42
777 780 80.42
777 776 22.09
776 777 22.09
776 774 16.06
774 776 16.06
774 772 18.72
772 774 18.72
772 770 18.30
770 772 18.30
770 768 17.35
768 770 17.35
768 628 18.35
628 768 18.35
628 766 20.54
766 628 20.54
766 767 16.78
767 766 16.78
767 769 16.20
769 767 16.20
769 771 15.10
771 769 15.10
771 773 22.42
773 771 22.42
773 775 19.26
775 773 19.26
775 778 70.21
778 775 70.21
778 779 14.12
779 778 14.12
779 781 17.83
781 779 17.83
781 783 19.57
783 781 19.57
74 785 51.02
785 74 51.02
64 759 13.89
759 64 13.89
759 81 137.25
81 759 137.25
81 71 118.69
71 81 118.69
71 67 102.28
67 71 102.28
67 107 41.02
107 67 41.02
107 111 30.31
111 107 30.31
111 113 24.61
113 111 24.61
113 97 31.79
97 113 31.79
97 114 31.42
114 97 31.42
114 63 97.07
63 114 97.07
63 1218 24.01
1218 63 24.01
1218 106 14.94
106 1218 14.94
106 98 16.96
98 106 16.96
98 1217 13.01
1217 98 13.01
1217 108 10.97
108 1217 10.97
108 116 15.36
116 108 15.36
116 121 16.27
121 116 16.27
121 76 20.53
76 121 20.53
76 82 22.18
82 76 22.18
82 56 21.72
56 82 21.72
56 78 21.99
78 56 21.99
78 221 28.67
221 78 28.67
221 124 21.51
124 221 21.51
124 69 30.29
69 124 30.29
69 70 43.39
70 69 43.39
70 1216 17.71
1216 70 17.71
1216 65 15.41
65 1216 15.41
65 72 75.70
72 65 75.70
72 1220 18.95
1220 72 18.95
1220 123 18.64
123 1220 18.64
123 1219 20.25
1219 123 20.25
1219 80 23.76
80 1219 23.76
80 94 46.02
94 80 46.02
94 93 32.34
93 94 32.34
93 122 25.59
122 93 25.59
122 600 28.63
600 122 28.63
600 85 50.20
85 600 50.20
85 601 45.40
601 85 45.40
601 1201 13.59
1201 601 13.59
1201 103 26.05
103 1201 26.05
103 53 72.85
53 103 72.85
53 119 97.48
119 53 97.48
119 110 44.19
110 119 44.19
110 75 30.88
75 110 30.88
75 88 42.59
88 75 42.59
88 100 45.35
100 88 45.35
100 104 113.73
104 100 113.73
104 120 131.09
120 104 131.09
120 61 5.73
61 120 5.73
61 79 124.35
79 61 124.35
79 66 30.50
66 79 30.50
66 57 94.29
57 66 94.29
57 118 61.76
118 57 61.76
118 62 104.07
62 118 104.07
62 125 158.32
125 62 158.32
921 287 34.60
287 921 34.60
287 150 76.37
150 287 76.37
150 152 19.88
152 150 19.88
152 417 27.23
417 152 27.23
417 155 53.76
155 417 53.76
155 296 73.33
296 155 73.33
296 826 94.90
826 296 94.90
826 447 6.33
447 826 6.33
447 1 11.45
1 447 11.45
154 147 67.75
147 154 67.75
152 146 70.67
146 152 70.67
146 400 35.45
400 146 35.45
400 390 52.98
390 400 52.98
356 816 166.15
816 356 166.15
816 817 20.28
817 816 20.28
817 818 10.62
818 817 10.62
818 828 12.70
828 818 12.70
828 829 57.13
829 828 57.13
829 613 14.75
613 829 14.75
1434 1436 13.27
1436 1434 13.27
1436 814 7.32
814 1436 7.32
814 481 35.59
481 814 35.59
481 809 80.60
809 481 80.60
809 269 10.86
269 809 10.86
269 893 105.34
893 269 105.34
893 266 8.32
266 893 8.32
266 265 155.77
265 266 155.77
265 879 171.04
879 265 171.04
879 270 9.72
270 879 9.72
270 875 9.77
875 270 9.77
875 268 149.54
268 875 149.54
268 409 132.11
409 268 132.11
409 618 200.25
618 409 200.25
618 850 9.98
850 618 9.98
850 421 112.26
421 850 112.26
421 35 140.07
35 421 140.07
35 869 182.17
869 35 182.17
869 34 8.88
34 869 8.88
34 264 159.99
264 34 159.99
264 36 222.05
36 264 222.05
36 568 12.95
568 36 12.95
291 905 115.42
905 291 115.42
905 978 18.71
978 905 18.71
978 906 9.01
906 978 9.01
906 910 23.54
910 906 23.54
910 911 22.28
911 910 22.28
911 912 16.14
912 911 16.14
912 982 23.68
982 912 23.68
982 908 10.76
908 982 10.76
908 907 21.65
907 908 21.65
907 909 36.98
909 907 36.98
909 612 29.28
612 909 29.28
761 853 67.45
853 761 67.45
853 856 102.00
856 853 102.00
856 860 108.49
860 856 108.49
860 859 39.35
859 860 39.35
859 864 109.39
864 859 109.39
864 865 98.38
865 864 98.38
865 1074 162.69
1074 865 162.69
1074 867 11.53
867 1074 11.53
867 863 131.85
863 867 131.85
863 1069 59.40
1069 863 59.40
1069 1076 196.73
1076 1069 196.73
1076 625 125.46
625 1076 125.46
625 1075 33.12
1075 625 33.12
1075 1247 67.06
1247 1075 67.06
1247 885 77.42
885 1247 77.42
885 889 152.55
889 885 152.55
889 874 148.02
874 889 148.02
912 1012 24.42
1012 912 24.42
1012 913 19.74
913 1012 19.74
886 1224 224.45
1224 886 224.45
1224 646 76.53
646 1224 76.53
195 183 69.42
183 195 69.42
183 163 35.38
163 183 35.38
163 161 81.63
161 163 81.63
872 887 164.06
887 872 164.06
887 1097 85.03
1097 887 85.03
1097 1101 63.05
1101 1097 63.05
1101 882 2.52
882 1101 2.52
882 1096 59.56
1096 882 59.56
1096 847 120.07
847 1096 120.07
847 626 232.61
626 847 232.61
626 868 146.40
868 626 146.40
868 866 132.15
866 868 132.15
866 862 174.93
862 866 174.93
862 857 77.65
857 862 77.65
857 861 105.21
861 857 105.21
861 858 25.75
858 861 25.75
858 854 135.85
854 858 135.85
854 851 144.60
851 854 144.60
851 760 14.25
760 851 14.25
959 955 101.04
955 959 101.04
955 949 11.06
949 955 11.06
949 944 12.54
944 949 12.54
944 943 13.52
943 944 13.52
943 983 10.59
983 943 10.59
983 989 44.42
989 983 44.42
989 993 47.17
993 989 47.17
993 927 43.16
927 993 43.16
927 930 6.73
930 927 6.73
930 617 88.58
617 930 88.58
617 614 9.73
614 617 9.73
614 925 96.30
925 614 96.30
921 922 18.92
922 921 18.92
436 262 10.26
262 436 10.26
931 933 10.81
933 931 10.81
933 935 13.60
935 933 13.60
935 938 19.12
938 935 19.12
938 941 17.11
941 938 17.11
941 962 14.03
962 941 14.03
962 946 10.06
946 962 10.06
946 951 10.59
951 946 10.59
951 953 12.27
953 951 12.27
953 954 14.97
954 953 14.97
954 952 12.49
952 954 12.49
952 950 8.11
950 952 8.11
950 947 10.69
947 950 10.69
947 945 13.21
945 947 13.21
945 961 11.92
961 945 11.92
961 942 10.33
942 961 10.33
942 940 9.41
940 942 9.41
940 939 7.99
939 940 7.99
939 937 9.13
937 939 9.13
937 936 10.74
936 937 10.74
936 934 10.17
934 936 10.17
934 932 13.61
932 934 13.61
932 929 18.87
929 932 18.87
929 928 13.70
928 929 13.70
928 931 6.34
931 928 6.34
262 356 17.81
356 262 17.81
356 1022 7.66
1022 356 7.66
1022 1020 40.08
1020 1022 40.08
1020 1036 37.55
1036 1020 37.55
1036 226 22.55
226 1036 22.55
958 957 94.43
957 958 94.43
957 956 10.35
956 957 10.35
956 948 52.21
948 956 52.21
924 927 98.75
927 924 98.75
927 991 101.79
991 927 101.79
991 958 55.11
958 991 55.11
958 960 68.12
960 958 68.12
922 410 56.64
410 922 56.64
410 151 24.52
151 410 24.52
151 153 73.54
153 151 73.54
153 148 78.23
148 153 78.23
148 149 22.82
149 148 22.82
149 611 28.36
611 149 28.36
611 1401 20.27
1401 611 20.27
1401 125 15.57
125 1401 15.57
968 33 12.85
33 968 12.85
33 32 21.10
32 33 21.10
32 1397 76.15
1397 32 76.15
1397 1398 128.44
1398 1397 128.44
1398 186 6.47
186 1398 6.47
186 620 127.83
620 186 127.83
620 1399 8.13
1399 620 8.13
1399 178 99.66
178 1399 99.66
178 1400 173.50
1400 178 173.50
1400 47 19.03
47 1400 19.03
47 39 28.07
39 47 28.07
39 52 57.91
52 39 57.91
52 51 90.63
51 52 90.63
51 38 30.20
38 51 30.20
38 45 42.80
45 38 42.80
45 44 40.84
44 45 40.84
44 37 33.71
37 44 33.71
37 49 41.91
49 37 41.91
49 40 52.44
40 49 52.44
40 42 75.53
42 40 75.53
42 50 64.56
50 42 64.56
50 48 53.02
48 50 53.02
48 46 65.04
46 48 65.04
46 43 59.94
43 46 59.94
43 41 49.49
41 43 49.49
41 222 142.32
222 41 142.32
222 221 44.11
221 222 44.11
101 966 62.90
966 101 62.90
966 967 13.95
967 966 13.95
967 497 111.67
497 967 111.67
497 654 23.38
654 497 23.38
654 660 91.22
660 654 91.22
970 6 13.19
6 970 13.19
969 970 17.93
970 969 17.93
265 21 11.92
21 265 11.92
976 977 89.40
977 976 89.40
978 979 24.10
979 978 24.10
979 980 11.11
980 979 11.11
980 981 19.21
981 980 19.21
981 982 34.76
982 981 34.76
983 984 115.94
984 983 115.94
984 985 28.90
985 984 28.90
984 959 41.26
959 984 41.26
959 986 12.65
986 959 12.65
986 987 24.28
987 986 24.28
987 988 163.54
988 987 163.54
989 990 109.64
990 989 109.64
991 992 48.37
992 991 48.37
992 990 40.14
990 992 40.14
990 984 44.60
984 990 44.60
993 994 108.98
994 993 108.98
298 997 21.25
997 298 21.25
997 998 16.07
998 997 16.07
998 999 64.48
999 998 64.48
999 1000 47.99
1000 999 47.99
1000 1001 23.55
1001 1000 23.55
1001 1002 26.89
1002 1001 26.89
1002 1003 16.34
1003 1002 16.34
1003 997 46.29
997 1003 46.29
1004 1005 19.04
1005 1004 19.04
960 1006 14.90
1006 960 14.90
1006 1007 28.66
1007 1006 28.66
1007 1008 31.16
1008 1007 31.16
1008 1009 13.27
1009 1008 13.27
1009 1010 33.48
1010 1009 33.48
1010 1011 35.18
1011 1010 35.18
1011 1006 26.42
1006 1011 26.42
1012 1013 32.98
1013 1012 32.98
1013 1014 20.15
1014 1013 20.15
1014 913 18.76
913 1014 18.76
913 1015 23.96
1015 913 23.96
1015 1016 29.86
1016 1015 29.86
1016 1017 16.34
1017 1016 16.34
1017 1018 26.02
1018 1017 26.02
1018 1019 28.21
1019 1018 28.21
1019 1012 15.07
1012 1019 15.07
1020 1033 72.53
1033 1020 72.53
1033 1028 42.05
1028 1033 42.05
1028 1024 43.66
1024 1028 43.66
1024 1021 43.94
1021 1024 43.94
1022 1034 99.91
1034 1022 99.91
1034 1027 41.96
1027 1034 41.96
1027 1025 43.41
1025 1027 43.41
1025 1023 44.27
1023 1025 44.27
1031 1024 27.10
1024 1031 27.10
1024 1025 30.15
1025 1024 30.15
1025 1030 19.52
1030 1025 19.52
1026 1027 18.34
1027 1026 18.34
1027 1028 30.01
1028 1027 30.01
1028 1029 28.24
1029 1028 28.24
1032 1037 3.17
1037 1032 3.17
1037 1033 26.87
1033 1037 26.87
1033 1034 29.87
1034 1033 29.87
1034 1035 19.56
1035 1034 19.56
1036 1037 46.89
1037 1036 46.89
1038 1023 21.16
1023 1038 21.16
1023 1021 30.30
1021 1023 30.30
1021 1039 27.60
1039 1021 27.60
1040 1042 84.81
1042 1040 84.81
1042 1043 24.58
1043 1042 24.58
1043 1287 5.13
1287 1043 5.13
1286 1044 13.55
1044 1286 13.55
1044 1041 83.93
1041 1044 83.93
1041 1043 8.95
1043 1041 8.95
1047 1048 10.69
1048 1047 10.69
622 1047 5.85
1047 622 5.85
1046 328 7.71
328 1046 7.71
323 1046 2.75
1046 323 2.75
674 1064 29.05
1064 674 29.05
1064 1288 168.74
1288 1064 168.74
1065 1066 117.49
1066 1065 117.49
1067 1066 145.56
1066 1067 145.56
1066 369 13.90
369 1066 13.90
369 1068 69.48
1068 369 69.48
1070 1072 83.00
1072 1070 83.00
1072 1071 50.02
1071 1072 50.02
1078 1077 51.16
1077 1078 51.16
1077 1079 44.23
1079 1077 44.23
1079 1080 6.03
1080 1079 6.03
1080 1254 4.74
1254 1080 4.74
1254 1081 4.02
1081 1254 4.02
1081 1082 11.05
1082 1081 11.05
1082 1083 70.40
1083 1082 70.40
1083 1084 65.14
1084 1083 65.14
1073 1088 65.76
1088 1073 65.76
1088 1089 22.41
1089 1088 22.41
1089 1087 21.37
1087 1089 21.37
1087 1085 30.37
1085 1087 30.37
1085 1086 162.25
1086 1085 162.25
1089 1090 84.40
1090 1089 84.40
1090 1091 51.66
1091 1090 51.66
1085 1095 13.82
1095 1085 13.82
1095 1092 12.24
1092 1095 12.24
1092 1093 45.23
1093 1092 45.23
1093 1094 12.81
1094 1093 12.81
1094 1095 45.58
1095 1094 45.58
1097 1099 19.29
1099 1097 19.29
1099 1102 34.18
1102 1099 34.18
1102 1098 35.16
1098 1102 35.16
1099 1100 64.35
1100 1099 64.35
1100 1101 20.32
1101 1100 20.32
1102 1103 10.69
1103 1102 10.69
1103 1104 14.44
1104 1103 14.44
1104 1105 119.86
1105 1104 119.86
1105 1106 47.48
1106 1105 47.48
1106 1107 29.94
1107 1106 29.94
1107 1108 14.05
1108 1107 14.05
1108 1109 38.83
1109 1108 38.83
1109 1110 19.17
1110 1109 19.17
372 1118 12.87
1118 372 12.87
1118 1119 5.68
1119 1118 5.68
1119 1120 7.47
1120 1119 7.47
1120 1121 6.83
1121 1120 6.83
1121 1122 20.91
1122 1121 20.91
1122 1123 7.11
1123 1122 7.11
1123 1124 6.53
1124 1123 6.53
1124 1125 8.02
1125 1124 8.02
1125 1126 18.41
1126 1125 18.41
1126 1127 18.45
1127 1126 18.45
1128 372 18.92
372 1128 18.92
241 1346 128.08
1346 241 128.08
1346 620 22.15
620 1346 22.15
241 381 111.51
381 241 111.51
381 225 56.48
225 381 56.48
225 1063 8.49
1063 225 8.49
1063 260 6.99
260 1063 6.99
260 235 11.08
235 260 11.08
235 249 117.83
249 235 117.83
1144 1353 46.66
1353 1144 46.66
1353 1143 28.20
1143 1353 28.20
1143 1142 8.02
1142 1143 8.02
1142 1141 6.99
1141 1142 6.99
1141 1140 59.67
1140 1141 59.67
1140 700 104.09
700 1140 104.09
357 1154 34.24
1154 357 34.24
1154 1202 35.23
1202 1154 35.23
1202 1155 1.76
1155 1202 1.76
1155 1156 37.70
1156 1155 37.70
1156 1157 39.49
1157 1156 39.49
1157 1158 38.55
1158 1157 38.55
1158 1159 39.67
1159 1158 39.67
1159 1197 20.22
1197 1159 20.22
1197 1166 14.16
1166 1197 14.16
1166 1160 22.72
1160 1166 22.72
1160 1179 10.64
1179 1160 10.64
1179 1161 17.69
1161 1179 17.69
1161 1162 44.29
1162 1161 44.29
1162 1163 23.11
1163 1162 23.11
1163 1193 21.24
1193 1163 21.24
1193 1164 2.88
1164 1193 2.88
1164 1165 26.86
1165 1164 26.86
1165 1152 17.53
1152 1165 17.53
1147 1167 89.28
1167 1147 89.28
1167 1168 11.52
1168 1167 11.52
1168 1169 12.88
1169 1168 12.88
1169 1170 10.18
1170 1169 10.18
1170 1171 9.65
1171 1170 9.65
1171 1172 7.67
1172 1171 7.67
1172 1173 9.84
1173 1172 9.84
1173 1174 96.04
1174 1173 96.04
1174 1175 6.86
1175 1174 6.86
1175 1176 8.81
1176 1175 8.81
1176 1177 15.91
1177 1176 15.91
1177 1178 17.18
1178 1177 17.18
1178 1148 85.62
1148 1178 85.62
1179 1180 84.84
1180 1179 84.84
1197 1196 11.11
1196 1197 11.11
1196 1195 10.28
1195 1196 10.28
1195 1194 28.66
1194 1195 28.66
1194 1181 5.23
1181 1194 5.23
1181 1182 58.93
1182 1181 58.93
1182 1183 6.69
1183 1182 6.69
1183 1184 8.89
1184 1183 8.89
1184 1185 44.66
1185 1184 44.66
1185 1180 36.35
1180 1185 36.35
1180 1186 30.58
1186 1180 30.58
1186 1187 27.93
1187 1186 27.93
1187 1188 23.95
1188 1187 23.95
1188 1189 25.15
1189 1188 25.15
1189 1190 26.67
1190 1189 26.67
1190 1191 7.82
1191 1190 7.82
1191 1192 4.73
1192 1191 4.73
1192 1193 69.49
1193 1192 69.49
1202 1203 65.02
1203 1202 65.02
1203 1204 20.14
1204 1203 20.14
1204 1205 21.63
1205 1204 21.63
1205 1206 44.70
1206 1205 44.70
249 259 133.46
259 249 133.46
259 380 87.85
380 259 87.85
380 237 92.30
237 380 92.30
237 258 13.02
258 237 13.02
258 408 57.26
408 258 57.26
408 518 11.37
518 408 11.37
518 531 80.72
531 518 80.72
531 234 8.76
234 531 8.76
234 523 57.66
523 234 57.66
523 218 38.66
218 523 38.66
218 214 17.01
214 218 17.01
214 702 6.50
702 214 6.50
702 697 4.94
697 702 4.94
697 701 4.01
701 697 4.01
701 219 5.12
219 701 5.12
219 519 18.40
519 219 18.40
519 216 41.66
216 519 41.66
216 215 33.68
215 216 33.68
215 521 24.66
521 215 24.66
521 527 25.99
527 521 25.99
155 297 118.82
297 155 118.82
297 288 44.56
288 297 44.56
288 1208 222.77
1208 288 222.77
1208 1209 128.71
1209 1208 128.71
288 300 63.68
300 288 63.68
300 435 100.23
435 300 100.23
435 286 12.65
286 435 12.65
286 919 13.07
919 286 13.07
919 449 10.50
449 919 10.50
449 596 59.93
596 449 59.93
596 579 12.00
579 596 12.00
579 572 8.20
572 579 8.20
572 586 22.85
586 572 22.85
586 578 38.45
578 586 38.45
578 599 55.65
599 578 55.65
599 590 28.84
590 599 28.84
590 597 26.18
597 590 26.18
597 591 32.02
591 597 32.02
591 585 150.34
585 591 150.34
428 423 35.24
423 428 35.24
423 405 31.96
405 423 31.96
405 401 32.08
401 405 32.08
401 402 33.62
402 401 33.62
402 420 33.42
420 402 33.42
420 371 47.90
371 420 47.90
371 376 37.00
376 371 37.00
376 389 33.14
389 376 33.14
389 414 31.23
414 389 31.23
414 403 31.57
403 414 31.57
403 373 35.32
373 403 35.32
357 1225 9.74
1225 357 9.74
1225 1226 17.37
1226 1225 17.37
1226 1227 15.30
1227 1226 15.30
1227 1228 8.16
1228 1227 8.16
1228 1229 103.79
1229 1228 103.79
1230 1231 41.55
1231 1230 41.55
1231 1232 43.19
1232 1231 43.19
1232 1233 34.52
1233 1232 34.52
1233 1234 60.99
1234 1233 60.99
1234 1235 12.29
1235 1234 12.29
1235 1236 4.02
1236 1235 4.02
1236 1237 6.88
1237 1236 6.88
1237 1238 6.05
1238 1237 6.05
1238 1239 8.45
1239 1238 8.45
1239 1240 8.04
1240 1239 8.04
1240 1241 10.36
1241 1240 10.36
1241 1242 9.13
1242 1241 9.13
1242 1243 4.36
1243 1242 4.36
1243 1244 32.60
1244 1243 32.60
1244 1245 14.83
1245 1244 14.83
1245 1246 6.89
1246 1245 6.89
1246 1224 27.43
1224 1246 27.43
1247 1249 43.23
1249 1247 43.23
1249 1248 86.11
1248 1249 86.11
1249 1250 64.89
1250 1249 64.89
1250 1251 106.61
1251 1250 106.61
1250 1252 15.68
1252 1250 15.68
1252 1253 23.73
1253 1252 23.73
1253 1254 76.01
1254 1253 76.01
1083 1255 19.85
1255 1083 19.85
1255 1256 8.91
1256 1255 8.91
1256 1257 7.46
1257 1256 7.46
1257 1251 101.36
1251 1257 101.36
1258 1259 48.35
1259 1258 48.35
1259 1275 55.27
1275 1259 55.27
1275 1264 23.30
1264 1275 23.30
1264 1269 19.56
1269 1264 19.56
1269 1271 21.32
1271 1269 21.32
1271 1265 10.41
1265 1271 10.41
1265 1266 20.41
1266 1265 20.41
1266 1267 15.64
1267 1266 15.64
1267 1268 27.78
1268 1267 27.78
1260 1261 20.42
1261 1260 20.42
1261 1277 16.25
1277 1261 16.25
1277 1259 25.15
1259 1277 25.15
1259 1270 20.91
1270 1259 20.91
1270 1272 20.39
1272 1270 20.39
1272 1262 12.86
1262 1272 12.86
1262 1263 59.28
1263 1262 59.28
1269 1276 23.47
1276 1269 23.47
1276 1270 54.51
1270 1276 54.51
1271 1273 24.17
1273 1271 24.17
1273 1272 53.74
1272 1273 53.74
1273 1276 21.05
1276 1273 21.05
1276 1275 20.46
1275 1276 20.46
1275 1279 23.50
1279 1275 23.50
1279 1274 20.11
1274 1279 20.11
1277 1279 54.43
1279 1277 54.43
1279 1278 22.77
1278 1279 22.77
1278 1264 23.53
1264 1278 23.53
1289 1396 11.84
1396 1289 11.84
1396 1290 50.23
1290 1396 50.23
1290 1394 119.41
1394 1290 119.41
1394 1291 26.66
1291 1394 26.66
1291 1292 118.73
1292 1291 118.73
1292 1293 161.44
1293 1292 161.44
1293 1294 74.94
1294 1293 74.94
1294 1295 58.25
1295 1294 58.25
1295 1437 16.52
1437 1295 16.52
1437 1393 11.46
1393 1437 11.46
1393 1296 208.23
1296 1393 208.23
1296 1297 298.69
1297 1296 298.69
1297 1298 205.49
1298 1297 205.49
1298 1299 74.92
1299 1298 74.92
1299 1300 45.66
1300 1299 45.66
1300 1301 43.74
1301 1300 43.74
1301 1302 72.97
1302 1301 72.97
1302 1303 9.07
1303 1302 9.07
1303 1304 92.21
1304 1303 92.21
1304 1407 59.48
1407 1304 59.48
1407 1305 111.61
1305 1407 111.61
1305 1306 248.10
1306 1305 248.10
1306 1307 218.21
1307 1306 218.21
1307 739 80.91
739 1307 80.91
739 1308 19.07
1308 739 19.07
1308 1309 23.58
1309 1308 23.58
1309 736 13.90
736 1309 13.90
736 1310 234.66
1310 736 234.66
1310 1312 223.90
1312 1310 223.90
1312 1313 158.54
1313 1312 158.54
1313 1345 83.30
1345 1313 83.30
1345 1317 105.23
1317 1345 105.23
1317 1314 4.81
1314 1317 4.81
763 741 34.89
741 763 34.89
741 1341 4.59
1341 741 4.59
1341 765 20.39
765 1341 20.39
765 1320 66.27
1320 765 66.27
1320 1344 11.67
1344 1320 11.67
1344 1321 119.40
1321 1344 119.40
1321 1319 94.51
1319 1321 94.51
1319 1322 93.63
1322 1319 93.63
1322 1323 35.74
1323 1322 35.74
1323 1324 55.25
1324 1323 55.25
1324 1325 53.73
1325 1324 53.73
1325 1326 67.95
1326 1325 67.95
1326 1327 15.40
1327 1326 15.40
1327 1328 258.55
1328 1327 258.55
1328 1329 15.39
1329 1328 15.39
1329 1330 119.60
1330 1329 119.60
1330 1331 38.82
1331 1330 38.82
1331 1414 151.20
1414 1331 151.20
1414 1332 29.01
1332 1414 29.01
1332 1413 26.13
1413 1332 26.13
1413 1333 13.96
1333 1413 13.96
1333 1410 12.77
1410 1333 12.77
1410 1409 54.62
1409 1410 54.62
1409 1342 27.09
1342 1409 27.09
1342 1334 40.22
1334 1342 40.22
1334 1335 6.95
1335 1334 6.95
1335 1343 32.67
1343 1335 32.67
1343 1438 680.30
1438 1343 680.30
1438 1336 41.30
1336 1438 41.30
1336 1337 181.74
1337 1336 181.74
983 1348 106.47
1348 983 106.47
1139 1350 32.34
1350 1139 32.34
1350 1351 62.51
1351 1350 62.51
1351 703 14.07
703 1351 14.07
1351 1352 30.85
1352 1351 30.85
1353 1354 76.79
1354 1353 76.79
1354 1355 44.91
1355 1354 44.91
1355 1352 13.22
1352 1355 13.22
352 1356 28.31
1356 352 28.31
1356 1357 29.18
1357 1356 29.18
1357 1358 8.22
1358 1357 8.22
1358 1361 8.18
1361 1358 8.18
1361 1359 58.57
1359 1361 58.57
1352 1360 10.33
1360 1352 10.33
1360 1361 53.64
1361 1360 53.64
1364 1365 27.07
1365 1364 27.07
1365 1366 30.48
1366 1365 30.48
1366 1367 13.82
1367 1366 13.82
1367 1368 48.28
1368 1367 48.28
1368 1369 19.63
1369 1368 19.63
1369 1370 23.88
1370 1369 23.88
1370 1371 25.70
1371 1370 25.70
1371 1372 25.47
1372 1371 25.47
1372 1373 40.62
1373 1372 40.62
1373 1374 38.19
1374 1373 38.19
1374 1375 24.48
1375 1374 24.48
1375 1376 38.36
1376 1375 38.36
1376 1377 21.59
1377 1376 21.59
1377 1378 28.03
1378 1377 28.03
1378 1379 22.38
1379 1378 22.38
1379 1380 23.56
1380 1379 23.56
1380 1381 46.70
1381 1380 46.70
1381 1382 38.95
1382 1381 38.95
1382 1383 38.79
1383 1382 38.79
1383 1384 14.97
1384 1383 14.97
1390 1389 16.26
1389 1390 16.26
1389 1388 23.84
1388 1389 23.84
1388 1387 33.60
1387 1388 33.60
1387 1386 13.69
1386 1387 13.69
1386 1385 65.14
1385 1386 65.14
1385 1364 19.81
1364 1385 19.81
125 1403 10.61
1403 125 10.61
1403 117 10.61
117 1403 10.61
117 1402 5.80
1402 117 5.80
1402 604 24.35
604 1402 24.35
604 96 54.52
96 604 54.52
96 90 127.34
90 96 127.34
90 102 31.62
102 90 31.62
102 74 113.66
74 102 113.66
445 444 101.05
444 445 101.05
444 650 23.08
650 444 23.08
650 640 21.57
640 650 21.57
640 636 19.96
636 640 19.96
636 649 28.28
649 636 28.28
649 644 23.32
644 649 23.32
644 648 30.71
648 644 30.71
648 647 20.92
647 648 20.92
647 646 17.57
646 647 17.57
646 635 42.05
635 646 42.05
635 651 24.95
651 635 24.95
651 639 25.21
639 651 25.21
639 642 25.65
642 639 25.65
445 442 89.86
442 445 89.86
442 101 65.80
101 442 65.80
101 21 248.54
21 101 248.54
9 806 17.84
806 9 17.84
806 465 39.35
465 806 39.35
465 141 232.67
141 465 232.67
141 718 39.09
718 141 39.09
718 4 16.08
4 718 16.08
4 714 18.37
714 4 18.37
714 306 270.67
306 714 270.67
306 808 8.55
808 306 8.55
808 975 50.72
975 808 50.72
268 645 239.88
645 268 239.88
645 144 96.45
144 645 96.45
144 271 40.54
271 144 40.54
271 143 50.64
143 271 50.64
252 491 11.66
491 252 11.66
491 827 5.02
827 491 5.02
827 813 88.05
813 827 88.05
813 595 99.25
595 813 99.25
595 445 205.61
445 595 205.61
1430 974 29.84
974 1430 29.84
974 807 49.51
807 974 49.51
807 641 9.04
641 807 9.04
641 973 63.62
973 641 63.62
973 972 76.06
972 973 76.06
972 971 79.04
971 972 79.04
971 715 51.46
715 971 51.46
715 657 18.56
657 715 18.56
657 716 17.30
716 657 17.30
716 247 37.29
247 716 37.29
247 878 235.32
878 247 235.32
878 229 38.63
229 878 38.63
229 228 18.89
228 229 18.89
252 1431 8.46
1431 252 8.46
1431 823 5.93
823 1431 5.93
823 261 31.60
261 823 31.60
261 231 49.90
231 261 49.90
231 919 4.51
919 231 4.51
919 239 56.76
239 919 56.76
239 904 47.38
904 239 47.38
904 917 33.33
917 904 33.33
917 250 9.68
250 917 9.68
250 240 58.78
240 250 58.78
240 255 45.42
255 240 45.42
255 915 6.57
915 255 6.57
915 914 132.73
914 915 132.73
914 811 6.72
811 914 6.72
811 1430 3.73
1430 811 3.73
1 824 15.60
824 1 15.60
824 244 126.80
244 824 126.80
244 283 73.20
283 244 73.20
283 902 23.38
902 283 23.38
902 900 45.86
900 902 45.86
900 821 7.44
821 900 7.44
821 446 57.00
446 821 57.00
446 1432 32.11
1432 446 32.11
1432 820 4.48
820 1432 4.48
820 1435 5.82
1435 820 5.82
1435 1434 12.30
1434 1435 12.30
1 252 13.80
252 1 13.80
25 268 11.91
268 25 11.91
18 637 61.84
637 18 61.84
637 145 35.21
145 637 35.21
145 652 100.10
652 145 100.10
652 25 240.65
25 652 240.65
25 412 126.99
412 25 126.99
412 876 21.71
876 412 21.71
876 17 10.28
17 876 10.28
17 880 9.78
880 17 9.78
880 21 171.04
21 880 171.04
492 470 55.49
470 492 55.49
470 899 7.39
899 470 7.39
899 246 46.28
246 899 46.28
246 916 23.36
916 246 23.36
916 236 72.91
236 916 72.91
236 822 126.54
822 236 126.54
822 252 15.82
252 822 15.82
1438 191 8.11
191 1438 8.11
191 204 235.46
204 191 235.46
204 1391 9.09
1391 204 9.09
1391 1392 67.42
1392 1391 67.42
1392 28 8.75
28 1392 8.75
1437 26 9.21
26 1437 9.21
26 965 7.52
965 26 7.52
965 631 18.43
631 965 18.43
631 331 178.22
331 631 178.22
331 58 78.00
58 331 78.00
58 756 9.62
756 58 9.62
756 1337 7.08
1337 756 7.08
1337 1338 66.16
1338 1337 66.16
1338 1339 105.58
1339 1338 105.58
1339 1340 9.99
1340 1339 9.99
1340 756 169.15
756 1340 169.15
