100 180
1 0.00 0.00
2 10.00 0.00
3 20.00 0.00
4 30.00 0.00
5 40.00 0.00
6 50.00 0.00
7 60.00 0.00
8 70.00 0.00
9 80.00 0.00
10 90.00 0.00
11 0.00 10.00
12 10.00 10.00
13 20.00 10.00
14 30.00 10.00
15 40.00 10.00
16 50.00 10.00
17 60.00 10.00
18 70.00 10.00
19 80.00 10.00
20 90.00 10.00
21 0.00 20.00
22 10.00 20.00
23 20.00 20.00
24 30.00 20.00
25 40.00 20.00
26 50.00 20.00
27 60.00 20.00
28 70.00 20.00
29 80.00 20.00
30 90.00 20.00
31 0.00 30.00
32 10.00 30.00
33 20.00 30.00
34 30.00 30.00
35 40.00 30.00
36 50.00 30.00
37 60.00 30.00
38 70.00 30.00
39 80.00 30.00
40 90.00 30.00
41 0.00 40.00
42 10.00 40.00
43 20.00 40.00
44 30.00 40.00
45 40.00 40.00
46 50.00 40.00
47 60.00 40.00
48 70.00 40.00
49 80.00 40.00
50 90.00 40.00
51 0.00 50.00
52 10.00 50.00
53 20.00 50.00
54 30.00 50.00
55 40.00 50.00
56 50.00 50.00
57 60.00 50.00
58 70.00 50.00
59 80.00 50.00
60 90.00 50.00
61 0.00 60.00
62 10.00 60.00
63 20.00 60.00
64 30.00 60.00
65 40.00 60.00
66 50.00 60.00
67 60.00 60.00
68 70.00 60.00
69 80.00 60.00
70 90.00 60.00
71 0.00 70.00
72 10.00 70.00
73 20.00 70.00
74 30.00 70.00
75 40.00 70.00
76 50.00 70.00
77 60.00 70.00
78 70.00 70.00
79 80.00 70.00
80 90.00 70.00
81 0.00 80.00
82 10.00 80.00
83 20.00 80.00
84 30.00 80.00
85 40.00 80.00
86 50.00 80.00
87 60.00 80.00
88 70.00 80.00
89 80.00 80.00
90 90.00 80.00
91 0.00 90.00
92 10.00 90.00
93 20.00 90.00
94 30.00 90.00
95 40.00 90.00
96 50.00 90.00
97 60.00 90.00
98 70.00 90.00
99 80.00 90.00
100 90.00 90.00
1 2 10
1 11 10
2 3 10
2 12 10
3 4 10
3 13 10
4 5 10
4 14 10
5 6 10
5 15 10
6 7 10
6 16 10
7 8 10
7 17 10
8 9 10
8 18 10
9 10 10
9 19 10
10 20 10
11 12 10
11 21 10
12 13 10
12 22 10
13 14 10
13 23 10
14 15 10
14 24 10
15 16 10
15 25 10
16 17 10
16 26 10
17 18 10
17 27 10
18 19 10
18 28 10
19 20 10
19 29 10
20 30 10
21 22 10
21 31 10
22 23 10
22 32 10
23 24 10
23 33 10
24 25 10
24 34 10
25 26 10
25 35 10
26 27 10
26 36 10
27 28 10
27 37 10
28 29 10
28 38 10
29 30 10
29 39 10
30 40 10
31 32 10
31 41 10
32 33 10
32 42 10
33 34 10
33 43 10
34 35 10
34 44 10
35 36 10
35 45 10
36 37 10
36 46 10
37 38 10
37 47 10
38 39 10
38 48 10
39 40 10
39 49 10
40 50 10
41 42 10
41 51 10
42 43 10
42 52 10
43 44 10
43 53 10
44 45 10
44 54 10
45 46 10
45 55 10
46 47 10
46 56 10
47 48 10
47 57 10
48 49 10
48 58 10
49 50 10
49 59 10
50 60 10
51 52 10
51 61 10
52 53 10
52 62 10
53 54 10
53 63 10
54 55 10
54 64 10
55 56 10
55 65 10
56 57 10
56 66 10
57 58 10
57 67 10
58 59 10
58 68 10
59 60 10
59 69 10
60 70 10
61 62 10
61 71 10
62 63 10
62 72 10
63 64 10
63 73 10
64 65 10
64 74 10
65 66 10
65 75 10
66 67 10
66 76 10
67 68 10
67 77 10
68 69 10
68 78 10
69 70 10
69 79 10
70 80 10
71 72 10
71 81 10
72 73 10
72 82 10
73 74 10
73 83 10
74 75 10
74 84 10
75 76 10
75 85 10
76 77 10
76 86 10
77 78 10
77 87 10
78 79 10
78 88 10
79 80 10
79 89 10
80 90 10
81 82 10
81 91 10
82 83 10
82 92 10
83 84 10
83 93 10
84 85 10
84 94 10
85 86 10
85 95 10
86 87 10
86 96 10
87 88 10
87 97 10
88 89 10
88 98 10
89 90 10
89 99 10
90 100 10
91 92 10
92 93 10
93 94 10
94 95 10
95 96 10
96 97 10
97 98 10
98 99 10
99 100 10
